person 0.9079 271 264 336 391
person 0.8659 243 274 277 350
person 0.7310 581 266 592 277
person 0.6283 213 275 231 293
person 0.5938 182 254 196 272
person 0.4675 191 268 211 298
person 0.4463 599 264 607 272
person 0.4447 601 313 630 336
person 0.4251 146 269 163 300
person 0.3919 593 266 604 275
person 0.3819 515 257 526 270
person 0.3542 576 267 588 277
person 0.3488 149 268 162 281
person 0.3225 215 249 226 261
person 0.3218 199 271 217 296
person 0.3207 225 250 234 261
person 0.3109 187 274 203 304
