person 0.6702 198 260 327 413
person 0.5942 170 180 196 225
person 0.5284 146 177 170 222
person 0.5072 86 184 110 218
person 0.4750 111 186 143 272
person 0.4050 138 182 154 207
person 0.3896 195 163 237 234
person 0.3866 160 183 176 221
person 0.3645 0 217 19 383
person 0.3644 310 293 332 339
person 0.3434 155 178 169 195
person 0.3352 110 176 123 197
person 0.3312 123 177 138 199
person 0.3245 141 181 154 196
person 0.3133 136 184 148 205
person 0.3079 0 177 22 250
person 0.3059 135 181 159 243
