person 0.7178 465 194 486 247
person 0.6991 46 194 58 223
person 0.6524 442 192 455 225
person 0.6139 451 193 463 226
person 0.5637 420 188 437 223
person 0.4657 65 190 77 223
person 0.4483 457 194 468 225
person 0.4351 227 199 238 231
person 0.4226 403 188 420 223
person 0.4217 135 189 143 205
person 0.3975 379 188 399 223
person 0.3865 195 188 207 211
person 0.3806 177 186 189 206
person 0.3745 576 212 601 225
person 0.3484 124 189 131 202
person 0.3361 187 186 197 208
person 0.3355 30 198 39 216
person 0.3243 131 186 139 199
person 0.3044 204 191 218 229
person 0.3034 428 191 441 224
