person 0.7286 188 143 201 163
person 0.6012 81 150 97 169
person 0.5680 400 133 414 150
person 0.5220 395 134 408 150
person 0.5165 272 302 300 328
person 0.4699 375 136 386 151
person 0.4336 366 136 377 150
person 0.4294 384 136 394 151
person 0.3998 113 151 123 167
person 0.3815 399 175 422 196
person 0.3526 258 184 279 208
person 0.3437 575 120 586 133
person 0.3255 156 195 175 216
person 0.3171 332 176 355 200
person 0.3170 115 197 138 222
person 0.3104 362 178 378 198
person 0.3061 298 183 315 202
