person 0.9616 336 128 474 351
person 0.9316 70 111 216 381
person 0.9155 277 91 331 149
person 0.8218 328 85 405 194
person 0.8132 143 112 208 246
person 0.7871 190 105 238 195
person 0.7578 549 107 639 255
person 0.7475 514 102 572 226
person 0.7441 411 66 460 122
person 0.6642 456 60 496 165
person 0.6548 225 59 252 81
person 0.5972 35 106 85 233
person 0.5888 278 58 293 79
person 0.5848 369 48 404 102
person 0.5418 372 117 434 208
person 0.4896 108 71 150 112
person 0.4800 224 59 237 79
person 0.4436 46 103 88 163
person 0.4236 83 76 112 114
person 0.4168 210 92 264 166
person 0.4125 215 88 251 131
person 0.3771 628 114 639 166
person 0.3342 331 62 365 113
person 0.3183 331 95 452 233
person 0.3077 334 55 358 94
