person 0.9395 355 218 525 426
person 0.8917 353 147 466 303
person 0.8866 85 231 157 351
person 0.8673 0 237 121 460
person 0.8650 526 219 633 339
person 0.8436 267 233 368 386
person 0.7718 468 235 518 326
person 0.7172 166 240 232 400
person 0.5687 552 235 572 258
person 0.5302 519 241 550 291
person 0.5217 524 238 543 264
person 0.5109 139 244 184 324
person 0.4993 504 238 525 264
person 0.4982 540 231 556 259
person 0.4818 59 226 97 297
person 0.4068 346 246 382 327
person 0.3786 503 238 528 291
person 0.3763 513 235 527 257
person 0.3606 124 237 160 302
person 0.3481 540 233 570 265
person 0.3437 222 267 253 339
person 0.3092 147 237 211 332
person 0.3081 613 321 639 390
person 0.3068 86 235 122 293
person 0.3059 465 276 500 329
person 0.3047 497 234 511 256
