person 0.9396 0 8 342 420
person 0.8684 141 24 426 412
person 0.8463 520 10 579 108
person 0.8063 539 58 626 274
person 0.7569 292 65 492 414
person 0.7555 140 86 184 116
person 0.6979 579 4 636 176
person 0.6918 195 86 212 104
person 0.6589 409 68 523 369
person 0.5719 343 59 421 197
person 0.5709 417 67 442 106
person 0.5500 275 21 311 55
person 0.5468 479 65 528 157
person 0.5250 462 83 553 347
person 0.4806 234 22 267 49
person 0.4473 494 56 518 79
person 0.4249 490 58 522 121
person 0.3621 3 67 46 113
person 0.3332 273 37 387 231
