person 0.5639 206 220 221 239
person 0.5391 260 217 273 237
person 0.4673 231 228 243 244
person 0.4444 184 218 194 233
person 0.4376 253 220 265 238
person 0.4373 224 229 237 244
person 0.4098 216 86 232 126
person 0.4048 177 219 189 232
person 0.3941 583 155 608 184
person 0.3843 252 226 264 242
person 0.3724 242 229 255 244
person 0.3712 211 227 226 243
person 0.3654 377 78 389 109
person 0.3391 217 85 243 133
person 0.3258 588 155 606 171
person 0.3224 580 117 598 152
person 0.3037 197 222 209 235
