person 0.8940 366 250 399 327
person 0.7743 538 242 547 267
person 0.7533 396 245 421 321
person 0.7360 415 248 438 319
person 0.7344 446 236 475 323
person 0.6098 478 246 492 292
person 0.5683 468 246 481 284
person 0.5369 430 243 451 320
person 0.5058 589 264 597 287
person 0.4826 488 252 503 291
person 0.4216 391 249 413 300
person 0.3983 494 257 504 288
person 0.3944 438 236 456 312
person 0.3679 425 257 443 319
person 0.3647 543 243 552 264
person 0.3438 515 255 522 272
person 0.3178 409 243 428 306
person 0.3063 419 244 431 265
