person 0.8510 375 95 392 143
person 0.7987 259 96 272 141
person 0.7838 328 95 344 139
person 0.7332 246 96 261 141
person 0.6445 282 100 295 138
person 0.6225 291 99 310 139
person 0.5911 6 112 31 134
person 0.5896 129 106 137 126
person 0.5421 33 60 96 128
person 0.5341 26 56 120 277
person 0.4537 240 95 256 140
person 0.3920 357 97 369 134
person 0.3702 473 88 485 114
person 0.3673 239 99 249 118
person 0.3665 298 95 312 127
person 0.3622 455 104 464 116
person 0.3475 464 102 473 117
person 0.3227 99 105 114 131
person 0.3165 345 94 355 114
person 0.3103 283 101 294 120
person 0.3085 216 99 227 119
