person 0.8411 533 110 548 142
person 0.8344 64 115 87 173
person 0.8213 138 121 164 185
person 0.8192 162 112 181 160
person 0.8055 215 116 230 157
person 0.7916 250 127 264 159
person 0.6819 353 119 372 163
person 0.6285 188 130 207 161
person 0.5446 104 131 118 160
person 0.4583 299 137 315 159
person 0.4329 156 115 172 157
person 0.3747 121 135 134 160
person 0.3730 234 123 249 168
person 0.3404 149 114 164 142
person 0.3400 152 113 163 130
person 0.3400 188 126 203 149
person 0.3376 334 126 346 148
person 0.3133 359 126 382 162
person 0.3109 157 114 166 129
person 0.3058 242 127 256 163
person 0.3053 387 127 399 162
