person 0.8809 537 21 583 132
person 0.8523 253 42 449 289
person 0.8365 225 6 293 199
person 0.8066 19 7 74 138
person 0.7953 0 9 23 134
person 0.7895 65 16 104 136
person 0.7639 159 11 209 123
person 0.7378 505 12 538 130
person 0.6539 435 10 474 69
person 0.5651 348 10 377 58
person 0.5204 523 4 549 114
person 0.5086 319 17 351 81
person 0.4831 364 11 391 66
person 0.4389 364 11 382 46
person 0.4312 104 50 132 122
person 0.4220 280 11 308 41
person 0.4197 317 11 331 44
person 0.4138 87 44 121 127
person 0.3607 332 26 373 86
person 0.3495 344 42 384 95
person 0.3335 422 15 467 119
person 0.3281 325 5 347 37
person 0.3201 503 10 529 60
person 0.3001 2 7 50 135
