person 0.4658 16 231 29 263
person 0.4139 83 199 92 219
person 0.4023 341 226 349 243
person 0.3784 346 225 357 245
person 0.3626 423 248 430 255
person 0.3521 68 208 75 226
person 0.3394 91 237 102 258
person 0.3388 310 226 320 246
person 0.3338 402 249 408 256
person 0.3313 0 219 8 256
person 0.3269 73 200 83 220
person 0.3188 318 227 327 244
person 0.3116 399 249 406 257
person 0.3108 282 235 291 250
person 0.3056 628 164 636 174
person 0.3025 213 321 221 334
person 0.3019 82 223 92 245
person 0.3017 10 231 20 257
