person 0.8864 95 175 251 477
person 0.8841 379 187 440 416
person 0.8589 305 166 384 458
person 0.8118 200 202 311 423
person 0.6335 423 191 460 383
person 0.6314 137 162 177 190
person 0.6041 86 220 127 279
person 0.5824 258 176 310 291
person 0.5682 183 173 224 252
person 0.5601 0 244 52 330
person 0.5402 362 186 400 303
person 0.5190 253 172 317 407
person 0.4876 440 242 483 402
person 0.4809 366 185 399 240
person 0.4621 246 164 285 218
person 0.4344 423 196 460 269
person 0.3658 93 220 123 251
person 0.3594 244 167 290 262
person 0.3420 132 162 186 209
person 0.3328 183 172 216 206
person 0.3131 367 183 392 211
