person 0.7836 292 331 306 367
person 0.6238 515 324 527 339
person 0.5868 131 303 136 311
person 0.4771 409 335 431 373
person 0.4232 312 335 325 365
person 0.3842 234 305 238 313
person 0.3684 231 306 236 313
person 0.3671 610 313 622 329
person 0.3600 431 311 437 321
person 0.3506 610 318 625 333
person 0.3485 153 306 159 313
person 0.3463 583 314 591 325
person 0.3218 592 313 599 325
person 0.3150 417 311 422 320
person 0.3129 179 308 185 315
person 0.3111 329 311 334 320
person 0.3058 575 314 583 326
person 0.3028 546 313 554 325
person 0.3014 115 305 120 312
