person 0.9059 110 130 200 413
person 0.8881 34 102 123 448
person 0.8366 322 130 368 182
person 0.7794 364 128 409 182
person 0.7565 285 132 325 182
person 0.7341 251 131 289 181
person 0.7288 456 133 498 183
person 0.7016 489 131 536 183
person 0.6563 558 131 597 183
person 0.5826 203 129 253 180
person 0.5796 159 143 208 355
person 0.5711 409 132 448 179
person 0.5025 418 156 449 180
person 0.5007 5 131 51 326
person 0.4544 1 129 22 291
person 0.4521 95 124 117 160
person 0.4414 236 227 302 309
person 0.4317 155 118 203 226
person 0.4316 227 0 253 25
person 0.4148 155 15 178 37
person 0.4146 0 129 23 188
person 0.4068 114 2 141 34
person 0.3733 3 108 57 203
person 0.3416 91 122 118 222
person 0.3298 414 150 458 187
person 0.3251 186 0 221 35
person 0.3079 8 110 78 426
