person 0.8978 291 300 353 415
person 0.8512 519 306 561 398
person 0.7847 448 302 510 421
person 0.6604 430 308 467 415
person 0.6110 253 299 266 329
person 0.4706 396 303 409 332
person 0.3927 593 295 606 314
person 0.3910 607 302 617 320
person 0.3441 601 296 614 314
person 0.3326 7 309 22 322
person 0.3311 481 298 507 373
person 0.3202 36 306 51 323
person 0.3167 600 298 618 328
person 0.3164 41 307 60 324
person 0.3105 51 307 68 324
person 0.3061 571 302 581 319
person 0.3008 580 313 595 333
