person 0.8857 296 152 359 343
person 0.8192 270 179 290 235
person 0.7632 256 181 274 235
person 0.6929 208 176 227 236
person 0.5756 240 183 263 234
person 0.4937 592 175 606 198
person 0.4547 431 178 441 189
person 0.4530 479 183 489 193
person 0.4475 229 183 253 235
person 0.4324 220 183 237 234
person 0.4131 414 177 426 196
person 0.3786 235 183 246 199
person 0.3742 225 184 236 210
person 0.3548 245 182 257 197
person 0.3530 233 183 248 211
person 0.3459 516 175 525 184
person 0.3224 423 177 433 190
person 0.3009 408 176 416 187
