person 0.9743 6 19 221 353
person 0.9296 225 81 354 290
person 0.8806 405 87 498 233
person 0.7323 349 100 410 168
person 0.7073 237 17 299 158
person 0.6960 0 81 53 238
person 0.6766 170 99 220 182
person 0.6384 409 31 487 148
person 0.6171 317 62 352 126
person 0.5027 336 96 416 233
person 0.4891 27 68 55 107
person 0.4519 160 99 223 338
person 0.4384 398 47 430 133
person 0.4110 311 115 352 189
person 0.3577 185 53 217 102
person 0.3560 6 81 56 163
person 0.3533 179 85 195 105
person 0.3107 22 69 48 90
person 0.3047 476 67 498 117
person 0.3007 405 96 436 150
