person 0.8713 386 231 420 329
person 0.8648 430 230 463 327
person 0.8155 289 231 370 476
person 0.7634 127 210 145 258
person 0.7228 153 207 169 256
person 0.5962 221 228 316 487
person 0.5687 333 218 350 256
person 0.5050 350 217 367 257
person 0.4881 303 218 320 235
person 0.4567 68 199 77 217
person 0.4273 33 195 55 220
person 0.4272 74 203 85 219
person 0.3200 287 215 303 236
person 0.3189 120 198 132 221
person 0.3077 426 231 443 265
person 0.3043 325 217 337 236
person 0.3024 575 256 600 290
