person 0.8701 22 400 71 477
person 0.6727 59 341 81 379
person 0.5718 149 303 162 315
person 0.4970 89 370 111 389
person 0.4957 367 296 381 339
person 0.4794 619 310 633 334
person 0.4630 96 428 140 479
person 0.4398 117 453 152 479
person 0.4339 9 274 21 293
person 0.4035 388 312 398 331
person 0.3931 607 312 629 341
person 0.3839 142 384 177 422
person 0.3722 196 294 205 302
person 0.3503 249 328 264 350
person 0.3293 364 69 398 103
person 0.3191 4 174 10 181
person 0.3161 610 309 625 333
person 0.3117 9 173 15 181
person 0.3056 150 385 177 405
