person 0.9390 245 198 361 477
person 0.8601 132 230 155 275
person 0.8469 89 241 112 279
person 0.8233 64 220 89 280
person 0.7977 236 216 258 279
person 0.7882 355 222 381 279
person 0.7829 401 230 431 292
person 0.7654 5 213 40 297
person 0.6511 372 231 389 278
person 0.6457 252 217 267 271
person 0.6364 335 235 349 269
person 0.6127 219 231 236 277
person 0.6051 25 218 43 286
person 0.5359 319 235 336 264
person 0.4031 209 229 230 276
person 0.3891 197 231 220 276
person 0.3867 385 228 399 264
person 0.3827 344 237 359 272
person 0.3676 194 250 215 275
person 0.3254 143 233 161 276
person 0.3024 79 219 98 273
