person 0.9262 143 38 371 610
person 0.8402 125 281 321 630
person 0.8083 358 63 399 169
person 0.7858 344 144 426 473
person 0.6672 344 66 373 149
person 0.5804 241 65 267 116
person 0.5642 122 54 141 125
person 0.5361 214 60 238 108
person 0.5283 162 13 235 105
person 0.4971 45 39 96 90
person 0.4314 131 46 172 127
person 0.3949 225 63 246 109
person 0.3530 396 72 426 137
person 0.3464 104 59 121 78
person 0.3382 368 130 426 191
person 0.3321 40 42 73 85
person 0.3311 347 56 364 84
person 0.3098 170 49 201 118
person 0.3085 331 48 346 69
person 0.3059 171 77 188 120
person 0.3003 215 54 235 84
