person 0.9259 59 300 154 576
person 0.8678 177 315 267 594
person 0.8385 281 315 364 573
person 0.8155 145 319 184 403
person 0.7893 42 319 68 399
person 0.6420 182 315 212 374
person 0.5720 5 313 29 386
person 0.5618 241 321 289 489
person 0.5177 169 315 202 383
person 0.4778 63 320 90 376
person 0.4313 73 319 94 349
person 0.4159 233 318 256 366
person 0.3983 119 314 133 340
person 0.3840 122 318 144 350
person 0.3830 132 323 147 349
person 0.3651 30 326 45 361
person 0.3385 192 314 208 332
person 0.3195 208 313 224 333
person 0.3163 66 320 84 345
person 0.3068 78 317 91 334
