person 0.7691 532 153 548 191
person 0.5209 468 155 485 191
person 0.5022 571 163 580 182
person 0.4679 194 137 204 165
person 0.4453 110 176 127 203
person 0.4401 64 205 79 250
person 0.4386 190 137 200 166
person 0.4280 195 132 206 155
person 0.4261 205 119 214 145
person 0.3985 157 167 174 188
person 0.3781 148 163 161 183
person 0.3752 219 159 226 178
person 0.3725 110 171 123 193
person 0.3565 117 181 132 201
person 0.3543 253 118 266 134
person 0.3459 225 123 232 137
person 0.3326 128 164 143 197
person 0.3267 97 177 118 206
person 0.3252 334 261 353 273
person 0.3147 113 241 140 271
