person 0.8756 577 214 605 296
person 0.8393 530 206 550 277
person 0.7944 608 215 636 295
person 0.4705 299 107 314 143
person 0.4624 207 109 218 125
person 0.4547 276 109 293 148
person 0.4404 246 111 256 126
person 0.4315 289 110 303 146
person 0.4269 445 117 460 147
person 0.4187 599 220 616 292
person 0.4178 403 113 414 134
person 0.3841 165 95 177 119
person 0.3632 244 112 258 139
person 0.3575 374 106 385 127
person 0.3534 207 110 219 142
person 0.3471 371 107 386 140
person 0.3436 261 116 275 135
person 0.3394 290 108 302 126
person 0.3382 365 108 380 141
person 0.3254 364 107 376 125
person 0.3244 277 108 292 125
person 0.3102 302 101 314 118
person 0.3042 159 93 171 119
