person 0.9480 189 140 308 426
person 0.9149 136 187 177 334
person 0.8991 466 159 563 425
person 0.8841 69 175 142 376
person 0.8593 448 168 484 271
person 0.8477 334 158 423 265
person 0.7953 559 67 639 423
person 0.7836 0 194 45 392
person 0.6924 176 193 205 304
person 0.6300 396 176 420 222
person 0.5082 31 194 72 320
person 0.4113 527 168 559 233
person 0.3924 558 278 599 344
person 0.3778 397 179 417 203
person 0.3475 476 190 490 207
person 0.3299 393 181 408 202
person 0.3124 32 198 71 258
