person 0.9344 248 74 302 138
person 0.9163 443 65 516 147
person 0.8830 392 129 488 421
person 0.8635 208 94 251 138
person 0.8487 545 66 605 149
person 0.8365 114 83 155 141
person 0.8305 385 0 426 136
person 0.8277 350 0 393 138
person 0.8087 47 87 114 141
person 0.7881 266 119 371 410
person 0.7789 449 115 502 184
person 0.7733 506 0 563 45
person 0.7547 289 1 344 74
person 0.7529 100 135 181 378
person 0.6978 58 42 107 100
person 0.5943 508 380 586 424
person 0.5010 535 81 579 146
person 0.4477 0 187 63 404
person 0.4234 151 72 196 137
person 0.3457 472 183 510 232
person 0.3444 1 116 66 304
