person 0.9631 34 47 306 423
person 0.9595 222 47 590 423
person 0.8226 290 119 340 276
person 0.7887 473 111 523 178
person 0.7828 236 125 280 203
person 0.7473 9 105 78 254
person 0.7338 575 110 638 212
person 0.6525 187 127 230 250
person 0.6400 348 135 386 193
person 0.5603 577 141 639 380
person 0.5456 539 135 582 193
person 0.4128 61 127 100 198
person 0.3858 1 128 26 194
person 0.3640 63 126 94 154
person 0.3602 9 122 31 177
person 0.3577 0 153 23 256
person 0.3505 359 144 400 190
person 0.3405 246 121 302 235
person 0.3090 261 175 315 268
person 0.3027 236 126 259 175
