person 0.8540 86 202 161 357
person 0.7361 203 194 255 358
person 0.6454 247 183 300 310
person 0.6313 613 125 637 204
person 0.6102 599 133 614 163
person 0.5385 489 150 535 275
person 0.5312 549 142 610 209
person 0.5198 585 138 597 157
person 0.5175 609 128 629 187
person 0.4651 338 170 370 205
person 0.4405 311 192 338 219
person 0.4125 285 193 306 229
person 0.3956 281 193 311 250
person 0.3876 571 136 582 158
person 0.3856 291 190 322 235
person 0.3292 486 151 524 221
person 0.3197 426 174 445 189
