person 0.7089 551 429 578 483
person 0.7040 279 382 297 430
person 0.6535 315 388 335 427
person 0.6522 509 460 544 494
person 0.5163 318 363 334 398
person 0.4737 340 393 370 445
person 0.4674 337 365 362 410
person 0.4646 332 358 353 401
person 0.4476 350 390 368 428
person 0.4457 296 349 313 393
person 0.4157 305 355 329 414
person 0.3805 542 462 569 491
person 0.3613 522 460 562 493
person 0.3584 183 315 196 334
person 0.3319 325 373 353 429
person 0.3109 344 364 358 395
person 0.3041 261 383 276 414
