person 0.9343 73 213 320 636
person 0.8785 295 127 478 639
person 0.7695 309 227 328 281
person 0.7353 0 230 129 635
person 0.7291 256 228 274 275
person 0.7253 1 205 117 365
person 0.6581 291 230 305 274
person 0.6287 213 225 232 275
person 0.5936 238 226 253 275
person 0.4819 322 229 335 275
person 0.4619 275 226 292 273
person 0.4463 245 228 257 272
person 0.4328 283 230 297 273
person 0.4224 342 228 357 274
person 0.4084 333 237 347 275
person 0.4077 100 229 107 242
person 0.3663 295 227 314 277
person 0.3243 198 225 210 256
person 0.3131 106 229 113 243
person 0.3090 304 226 319 277
person 0.3084 93 227 99 240
