person 0.9462 135 140 187 218
person 0.9368 260 4 388 423
person 0.8675 6 0 72 94
person 0.8652 101 159 135 210
person 0.8386 28 131 103 225
person 0.8373 73 0 135 96
person 0.8277 359 142 411 304
person 0.8100 7 114 57 180
person 0.6355 53 0 94 40
person 0.5799 124 0 166 45
person 0.5737 171 0 222 80
person 0.5276 0 148 50 223
person 0.4688 0 169 30 225
person 0.4612 265 0 293 15
person 0.4092 287 0 322 16
person 0.3741 121 0 168 95
person 0.3727 0 139 19 170
person 0.3328 574 0 611 42
person 0.3177 84 168 129 225
person 0.3025 9 123 77 214
