person 0.9654 222 199 370 490
person 0.8982 133 233 241 494
person 0.7214 84 278 122 438
person 0.5828 124 263 175 479
person 0.5610 36 265 50 303
person 0.5476 0 273 17 353
person 0.5317 51 259 68 304
person 0.5191 22 264 37 301
person 0.5176 107 290 135 427
person 0.4874 66 263 82 303
person 0.4738 88 260 105 288
person 0.4404 15 257 27 275
person 0.4167 110 278 137 320
person 0.4164 12 262 29 303
person 0.3775 68 265 82 285
person 0.3514 29 266 43 301
person 0.3090 223 282 252 313
person 0.3030 4 268 21 299
