person 0.9286 206 181 272 328
person 0.9275 433 183 496 330
person 0.9256 334 267 393 378
person 0.9144 510 209 551 313
person 0.9131 154 172 205 303
person 0.9095 4 194 42 286
person 0.8950 257 172 316 322
person 0.8649 448 281 505 369
person 0.8476 304 184 356 317
person 0.8359 29 290 141 402
person 0.8224 542 188 573 270
person 0.8079 119 280 213 402
person 0.7742 349 191 391 279
person 0.7537 320 253 373 369
person 0.6154 151 164 159 185
person 0.5495 138 166 147 187
person 0.4819 6 164 17 187
person 0.4479 16 166 25 184
person 0.4340 72 163 82 185
person 0.4202 121 164 129 186
person 0.4113 1 164 10 184
person 0.3933 430 180 440 204
person 0.3907 322 185 382 327
person 0.3903 479 184 491 207
person 0.3746 168 169 177 184
person 0.3612 398 177 406 195
person 0.3573 572 178 581 193
person 0.3569 405 180 415 201
person 0.3553 73 157 85 177
person 0.3543 109 158 120 176
person 0.3351 6 161 14 174
person 0.3314 49 159 58 177
person 0.3277 368 180 380 202
person 0.3258 442 183 452 208
person 0.3128 82 159 90 176
person 0.3121 449 184 460 207
person 0.3103 105 159 116 177
person 0.3080 486 183 496 207
person 0.3068 82 173 93 194
person 0.3052 9 168 20 193
person 0.3049 133 163 142 186
