person 0.8985 175 220 283 587
person 0.8687 304 95 324 160
person 0.7085 209 39 233 77
person 0.7012 237 64 259 107
person 0.6953 191 44 208 74
person 0.6884 338 99 365 178
person 0.5525 329 98 352 156
person 0.5173 268 91 289 148
person 0.4944 478 83 505 149
person 0.4885 321 96 341 159
person 0.4283 278 104 293 145
person 0.4237 147 54 164 69
person 0.3929 297 95 316 146
person 0.3770 462 91 484 146
person 0.3657 483 401 572 621
person 0.3551 364 109 383 156
person 0.3406 417 105 434 150
person 0.3201 269 88 283 113
person 0.3180 419 107 432 130
person 0.3158 485 82 506 113
