person 0.8893 580 204 612 278
person 0.8735 473 222 498 286
person 0.8264 503 223 531 284
person 0.5919 559 222 576 263
person 0.5851 516 198 529 219
person 0.5736 570 214 585 261
person 0.4786 457 211 475 265
person 0.4663 480 213 505 277
person 0.4570 497 210 512 243
person 0.4516 524 210 546 262
person 0.4388 469 207 483 230
person 0.4344 22 212 39 254
person 0.4047 597 210 614 278
person 0.3982 451 208 464 248
person 0.3699 539 214 561 258
person 0.3621 34 208 47 250
person 0.3597 514 200 533 230
person 0.3578 482 206 500 232
person 0.3575 344 165 390 213
person 0.3523 504 209 517 227
person 0.3515 364 162 407 214
person 0.3492 288 175 331 226
person 0.3442 527 199 540 218
person 0.3312 522 208 538 228
person 0.3182 213 183 245 228
person 0.3153 466 212 481 258
person 0.3133 327 165 372 213
person 0.3093 552 217 569 259
person 0.3091 478 206 492 228
