person 0.9576 115 46 271 217
person 0.8192 190 319 229 360
person 0.7531 136 345 175 383
person 0.7478 224 317 252 348
person 0.6717 329 266 350 328
person 0.6047 123 345 148 386
person 0.6040 246 298 273 341
person 0.5977 264 295 299 335
person 0.5976 0 406 22 453
person 0.5889 17 392 49 442
person 0.5500 103 364 134 395
person 0.4616 300 268 328 305
person 0.4408 16 395 51 498
person 0.3661 205 304 250 367
person 0.3638 5 396 39 446
person 0.3603 251 299 291 353
person 0.3374 88 362 136 410
person 0.3237 214 313 228 337
person 0.3117 220 324 243 355
person 0.3009 327 263 344 286
