person 0.8983 197 446 246 522
person 0.5749 223 593 272 639
person 0.4735 477 293 526 370
person 0.4464 527 276 581 349
person 0.4404 134 517 156 548
person 0.4132 402 337 478 437
person 0.4115 317 395 349 445
person 0.4002 155 513 174 545
person 0.3852 427 300 503 416
person 0.3798 329 397 353 437
person 0.3735 406 365 426 396
person 0.3731 453 317 503 379
person 0.3506 243 436 271 477
person 0.3502 79 565 115 614
person 0.3480 318 384 332 416
person 0.3399 493 282 536 329
person 0.3361 140 514 170 550
person 0.3337 517 280 562 334
person 0.3294 312 407 337 447
person 0.3266 61 488 82 516
person 0.3215 303 421 322 451
person 0.3134 387 357 407 390
person 0.3080 65 492 94 530
