person 0.8779 445 292 468 359
person 0.8747 469 293 497 357
person 0.8509 252 321 306 468
person 0.8385 401 361 509 477
person 0.7240 221 293 240 335
person 0.5419 499 288 510 316
person 0.5182 487 295 501 344
person 0.5025 504 288 515 318
person 0.4860 488 289 500 313
person 0.4489 404 282 410 296
person 0.4046 204 305 224 335
person 0.4030 468 291 479 308
person 0.3978 463 290 472 311
person 0.3898 488 286 498 299
person 0.3677 456 288 473 355
person 0.3626 480 287 490 299
person 0.3231 498 286 508 299
