person 0.8096 0 339 52 475
person 0.6745 159 360 190 395
person 0.6509 79 360 116 435
person 0.6305 114 364 156 437
person 0.4825 215 375 230 394
person 0.4803 118 362 154 402
person 0.4628 134 363 155 389
person 0.3999 245 377 269 429
person 0.3900 96 362 115 390
person 0.3862 220 392 245 455
person 0.3622 249 377 262 393
person 0.3524 232 369 249 401
person 0.3324 583 354 595 364
person 0.3260 124 360 149 388
person 0.3248 283 380 307 428
person 0.3221 590 353 601 364
person 0.3097 237 364 248 388
person 0.3069 161 362 192 432
person 0.3060 220 375 239 398
person 0.3026 255 377 284 428
