person 0.6303 125 21 156 66
person 0.5585 122 65 150 100
person 0.4971 136 58 158 97
person 0.4581 122 101 156 139
person 0.4538 578 169 612 224
person 0.4533 99 18 113 59
person 0.4258 121 18 135 38
person 0.4172 110 57 126 94
person 0.4031 108 20 125 57
person 0.3934 109 99 139 138
person 0.3802 145 105 160 138
person 0.3706 138 1 154 20
person 0.3655 106 61 134 103
person 0.3512 126 69 158 118
person 0.3509 111 18 124 37
person 0.3483 119 20 136 53
person 0.3454 123 101 146 124
person 0.3375 109 118 129 140
person 0.3234 145 66 160 100
person 0.3209 21 3 38 30
person 0.3185 135 99 158 129
person 0.3098 112 102 128 124
person 0.3027 140 18 153 37
person 0.3017 118 57 138 95
person 0.3013 101 57 117 94
