person 0.7388 2 114 74 231
person 0.7209 65 0 134 110
person 0.7199 142 108 200 212
person 0.7082 206 211 257 300
person 0.6958 0 0 59 119
person 0.6469 86 112 141 215
person 0.6396 128 1 194 114
person 0.6187 151 214 204 303
person 0.5870 200 108 257 246
person 0.5417 96 222 149 318
person 0.5263 260 210 302 284
person 0.5226 200 0 256 103
person 0.4914 17 224 85 351
person 0.4767 258 1 312 101
person 0.4683 259 107 307 209
person 0.4467 304 201 345 275
person 0.4466 308 280 340 326
person 0.3940 318 2 362 98
person 0.3486 61 47 132 225
person 0.3094 31 0 96 103
person 0.3093 115 406 156 473
person 0.3090 277 1 343 103
