person 0.9620 164 142 389 425
person 0.9597 384 162 629 425
person 0.8520 360 157 425 278
person 0.8027 0 143 124 353
person 0.6890 457 157 501 217
person 0.6806 426 158 468 212
person 0.6458 153 160 176 198
person 0.5542 155 172 211 223
person 0.5232 417 183 461 233
person 0.4984 96 155 160 253
person 0.4811 617 216 639 268
person 0.4541 335 166 365 240
person 0.4503 43 153 205 422
person 0.4288 397 171 478 311
person 0.4101 0 168 21 211
person 0.3637 84 152 180 333
person 0.3435 615 213 639 341
person 0.3421 433 160 459 184
person 0.3396 202 187 226 204
person 0.3064 178 168 204 196
