person 0.9430 95 174 162 311
person 0.9190 202 180 256 352
person 0.9095 579 185 633 304
person 0.8699 473 186 509 301
person 0.8131 427 176 470 315
person 0.8109 272 189 316 340
person 0.7953 511 180 555 300
person 0.7322 379 184 423 323
person 0.7142 304 189 355 357
person 0.6943 337 187 372 329
person 0.5212 488 188 543 305
person 0.4497 413 186 438 303
person 0.4305 566 179 595 236
person 0.4245 614 190 639 290
person 0.4037 574 178 597 216
person 0.3627 544 187 562 212
person 0.3381 417 189 434 207
person 0.3151 417 189 437 223
person 0.3018 380 176 420 229
