person 0.8529 327 185 452 352
person 0.8396 51 108 212 270
person 0.7591 442 148 480 203
person 0.7176 430 181 499 263
person 0.7158 3 168 68 269
person 0.7074 398 171 458 264
person 0.6503 227 169 291 230
person 0.6457 283 171 336 274
person 0.5975 330 160 394 223
person 0.5387 66 47 138 148
person 0.4906 477 179 499 241
person 0.4380 2 163 40 203
person 0.4045 140 117 224 266
person 0.3783 451 286 499 367
person 0.3777 0 169 40 246
person 0.3548 338 161 447 276
person 0.3437 215 151 242 208
person 0.3105 10 161 41 180
