person 0.7843 270 215 285 257
person 0.6888 337 207 347 227
person 0.6579 586 146 639 209
person 0.6388 315 210 330 245
person 0.5990 152 222 177 255
person 0.5871 191 220 209 250
person 0.5850 295 215 309 259
person 0.5391 252 224 266 248
person 0.4988 369 202 379 225
person 0.4516 593 184 639 409
person 0.4507 217 231 235 256
person 0.4360 211 222 227 253
person 0.4278 318 210 329 224
person 0.4035 212 219 223 237
person 0.3422 157 221 171 234
person 0.3333 256 219 273 255
person 0.3202 254 221 268 239
person 0.3184 185 223 202 249
person 0.3099 297 213 320 258
person 0.3095 202 221 223 254
