person 0.8428 314 74 341 131
person 0.6656 279 70 314 160
person 0.6442 494 93 517 143
person 0.6117 242 76 269 161
person 0.5899 401 83 438 151
person 0.5191 289 72 314 130
person 0.5071 424 81 445 121
person 0.4528 608 83 638 145
person 0.4482 336 70 348 95
person 0.4341 534 83 563 149
person 0.4263 257 79 281 155
person 0.4206 337 74 357 158
person 0.3883 379 85 404 152
person 0.3743 469 287 630 411
person 0.3443 396 85 419 137
person 0.3244 391 88 428 170
person 0.3206 596 84 638 185
person 0.3204 408 83 430 119
person 0.3002 448 99 468 126
