person 0.8823 142 266 174 349
person 0.8802 119 274 145 349
person 0.8285 592 278 618 331
person 0.7841 529 277 559 316
person 0.7356 107 294 121 330
person 0.7092 181 289 196 318
person 0.7056 562 271 582 316
person 0.5769 476 262 488 302
person 0.5239 453 260 465 300
person 0.4391 448 285 463 316
person 0.4268 392 270 404 293
person 0.4246 389 270 397 291
person 0.4096 440 281 454 302
person 0.3773 85 263 95 285
person 0.3649 436 284 456 317
person 0.3584 429 286 441 310
person 0.3454 464 262 484 315
person 0.3335 454 263 475 314
person 0.3265 451 281 464 301
person 0.3058 443 268 452 292
