person 0.7495 275 343 299 388
person 0.7380 254 341 277 388
person 0.6587 128 350 149 395
person 0.6534 622 362 633 389
person 0.6482 516 353 531 384
person 0.6376 149 349 175 402
person 0.5515 609 362 623 390
person 0.5338 360 363 379 383
person 0.4884 337 370 354 398
person 0.4637 402 353 418 382
person 0.4569 501 361 518 391
person 0.4470 380 362 396 385
person 0.4436 496 352 513 380
person 0.4323 628 364 639 389
person 0.4284 497 350 509 365
person 0.4227 500 354 529 396
person 0.3935 353 364 382 399
person 0.3878 150 344 175 376
person 0.3810 610 360 622 377
person 0.3663 392 364 405 388
person 0.3586 606 361 629 399
person 0.3506 392 355 403 377
person 0.3467 403 351 416 369
person 0.3423 377 360 390 379
person 0.3350 506 358 518 378
person 0.3146 339 369 352 387
person 0.3010 263 344 292 387
person 0.3001 524 358 535 378
