person 0.9021 2 237 157 402
person 0.8468 218 282 365 399
person 0.7897 520 236 627 383
person 0.7638 441 301 515 357
person 0.7409 491 242 548 334
person 0.7019 402 245 472 355
person 0.6790 470 233 515 296
person 0.6534 413 314 537 396
person 0.6234 591 231 634 309
person 0.6149 398 343 595 402
person 0.5818 129 253 255 397
person 0.5815 608 252 639 391
person 0.5036 510 333 632 398
person 0.4982 576 154 606 198
person 0.4917 363 296 403 400
person 0.4803 598 170 632 218
person 0.4772 30 177 70 235
person 0.4522 63 185 101 242
person 0.4283 517 185 584 267
person 0.4244 8 171 41 223
person 0.4236 420 263 501 364
person 0.4043 0 220 56 313
person 0.3982 615 202 639 258
person 0.3929 90 178 121 239
person 0.3884 502 231 581 343
person 0.3706 582 192 609 224
person 0.3434 539 242 571 284
person 0.3316 582 206 610 246
person 0.3284 364 296 396 352
person 0.3173 83 236 112 266
person 0.3148 1 214 100 334
person 0.3127 392 296 478 395
