person 0.8790 587 339 638 479
person 0.8733 513 335 571 476
person 0.8525 487 327 512 401
person 0.8506 462 326 488 400
person 0.8066 561 330 600 444
person 0.5935 510 330 534 398
person 0.4542 596 326 614 354
person 0.4433 516 331 532 365
person 0.4416 551 332 567 365
person 0.4329 531 328 546 348
person 0.3943 374 254 389 274
person 0.3838 506 326 520 367
person 0.3395 589 328 608 362
person 0.3384 475 321 493 398
person 0.3317 617 340 639 466
person 0.3206 521 329 541 366
person 0.3050 502 328 520 400
person 0.3031 575 318 585 338
person 0.3002 518 331 530 349
