person 0.8204 16 265 68 415
person 0.7934 184 137 207 207
person 0.7380 205 129 228 203
person 0.7241 262 66 276 101
person 0.6892 561 84 578 113
person 0.6556 583 89 605 127
person 0.6522 16 235 44 293
person 0.6512 88 230 130 345
person 0.5663 45 256 77 315
person 0.5338 167 134 186 208
person 0.5324 626 93 639 161
person 0.5236 245 67 258 109
person 0.4920 579 84 599 118
person 0.4836 351 178 387 212
person 0.4697 228 83 239 115
person 0.4487 540 82 553 99
person 0.4108 95 190 125 264
person 0.4050 292 10 304 41
person 0.3855 173 141 193 206
person 0.3843 556 81 567 104
person 0.3822 312 8 320 30
person 0.3781 194 161 209 203
person 0.3768 106 206 136 289
person 0.3696 40 227 59 253
person 0.3650 43 227 87 305
person 0.3639 573 86 584 113
person 0.3541 580 80 593 100
person 0.3492 336 175 370 215
person 0.3458 54 225 84 253
person 0.3400 36 229 63 266
person 0.3387 11 232 48 332
person 0.3260 230 69 244 112
person 0.3234 26 233 62 292
person 0.3228 62 215 127 324
person 0.3209 213 94 227 128
person 0.3118 28 260 71 346
person 0.3116 286 183 304 210
