person 0.9786 257 232 407 358
person 0.9026 78 197 211 349
person 0.8766 88 157 170 270
person 0.8363 374 221 479 359
person 0.8277 185 147 229 198
person 0.7716 274 171 336 251
person 0.7694 263 150 296 222
person 0.6649 314 183 403 298
person 0.5483 202 123 229 144
person 0.5218 128 145 182 211
person 0.5039 142 141 180 177
person 0.4482 196 163 237 207
person 0.3619 314 167 345 201
person 0.3543 99 148 161 219
person 0.3478 138 141 168 165
person 0.3452 209 168 234 195
person 0.3353 93 146 136 205
person 0.3328 156 149 204 210
person 0.3320 221 124 238 140
person 0.3190 158 181 185 212
