person 0.9027 162 130 209 239
person 0.8254 333 195 394 272
person 0.7876 273 188 313 268
person 0.7402 554 196 595 276
person 0.6998 587 205 639 280
person 0.6831 441 190 491 270
person 0.6712 417 190 460 272
person 0.6660 307 181 345 236
person 0.6659 382 196 435 269
person 0.6394 479 196 523 267
person 0.6195 511 191 557 266
person 0.5311 555 49 566 75
person 0.4792 335 58 346 78
person 0.4610 316 58 326 78
person 0.4308 330 52 340 77
person 0.4189 59 45 67 65
person 0.4146 298 57 309 78
person 0.4094 453 188 493 237
person 0.4017 180 55 188 72
person 0.4011 169 55 178 74
person 0.3840 113 55 120 71
person 0.3838 623 196 639 219
person 0.3724 389 195 427 240
person 0.3563 575 58 584 76
person 0.3513 67 44 78 67
person 0.3261 46 43 55 70
person 0.3258 139 58 147 76
person 0.3240 294 59 303 77
person 0.3063 489 207 545 277
