person 0.8248 108 409 158 468
person 0.7954 69 413 115 466
person 0.7648 193 416 247 477
person 0.7382 151 413 188 470
person 0.7340 248 445 296 490
person 0.6482 322 449 374 505
person 0.6360 58 129 168 233
person 0.6009 292 466 325 498
person 0.5806 434 472 462 515
person 0.5720 352 460 400 510
person 0.5432 26 412 75 460
person 0.5413 389 463 430 509
person 0.5318 0 381 37 426
person 0.4984 51 406 78 451
person 0.4954 4 401 55 454
person 0.4818 406 485 440 514
person 0.3300 11 400 46 436
person 0.3266 376 461 414 507
person 0.3235 53 405 75 429
person 0.3027 82 145 211 249
