person 0.5636 557 339 576 382
person 0.5442 167 337 177 362
person 0.5388 593 344 607 386
person 0.5308 493 340 516 384
person 0.5209 577 341 594 380
person 0.5092 179 332 191 369
person 0.4874 535 347 544 358
person 0.4777 292 336 304 375
person 0.4355 57 338 67 362
person 0.4300 296 333 311 378
person 0.3874 563 339 576 360
person 0.3681 629 344 639 388
person 0.3585 158 334 166 350
person 0.3503 598 345 609 372
person 0.3401 199 340 208 360
person 0.3328 45 338 55 358
person 0.3278 161 336 170 357
person 0.3221 572 343 586 377
person 0.3054 533 345 546 372
person 0.3031 555 342 568 375
person 0.3010 124 336 131 347
