person 0.9389 374 62 633 478
person 0.9319 9 59 244 476
person 0.9291 283 104 488 477
person 0.8005 147 103 269 467
person 0.7727 243 113 344 467
person 0.7600 124 143 162 191
person 0.6396 576 146 614 191
person 0.6053 220 128 274 259
person 0.5724 609 139 639 197
person 0.5633 419 168 458 207
person 0.5602 283 152 301 168
person 0.5063 396 154 420 186
person 0.3922 404 163 427 193
person 0.3782 261 153 274 178
person 0.3657 427 173 501 251
person 0.3312 426 167 452 187
person 0.3129 390 155 413 199
