person 0.4366 86 329 93 336
person 0.4273 340 351 346 360
person 0.4197 39 328 46 335
person 0.3972 218 329 224 337
person 0.3878 19 329 26 337
person 0.3859 198 328 206 336
person 0.3849 59 329 65 335
person 0.3828 347 352 352 361
person 0.3813 46 328 53 335
person 0.3665 189 328 197 336
person 0.3649 66 329 73 336
person 0.3599 208 329 215 337
person 0.3574 169 329 176 336
person 0.3451 28 329 36 336
person 0.3423 181 329 188 337
person 0.3414 10 329 17 337
person 0.3393 255 330 262 337
person 0.3367 153 328 159 336
person 0.3352 76 328 83 336
person 0.3338 133 333 140 339
person 0.3319 93 329 100 336
person 0.3254 341 333 348 344
person 0.3178 225 329 231 337
person 0.3139 161 329 168 337
person 0.3138 263 330 269 337
person 0.3027 245 333 253 339
person 0.3014 3 329 9 335
