person 0.9120 41 339 127 467
person 0.8320 111 313 143 379
person 0.8013 148 314 185 382
person 0.7838 227 308 254 364
person 0.7202 190 307 216 354
person 0.6468 142 305 161 337
person 0.6446 284 301 301 331
person 0.5724 185 304 201 333
person 0.5309 317 299 328 327
person 0.5109 70 338 124 396
person 0.5047 259 301 270 323
person 0.4345 290 296 300 309
person 0.4313 217 301 229 323
person 0.4150 307 298 319 339
person 0.4096 283 296 291 308
person 0.3672 235 299 246 317
person 0.3552 219 303 233 330
person 0.3528 205 306 219 330
person 0.3460 284 298 295 321
person 0.3242 257 297 265 308
person 0.3241 219 305 244 354
person 0.3203 256 299 266 320
person 0.3172 199 305 208 317
person 0.3008 159 310 172 326
