person 0.6358 110 367 120 382
person 0.6206 360 342 367 351
person 0.5514 92 349 99 360
person 0.5369 177 338 185 346
person 0.5333 182 337 190 346
person 0.5042 89 337 97 347
person 0.5027 418 319 425 332
person 0.4417 33 329 40 339
person 0.4265 445 317 451 327
person 0.4222 269 353 277 363
person 0.4079 150 340 156 347
person 0.4014 124 342 132 348
person 0.3738 84 337 91 346
person 0.3627 100 339 109 347
person 0.3600 440 316 447 327
person 0.3433 153 338 162 345
person 0.3412 112 319 117 329
person 0.3368 467 317 476 328
person 0.3223 119 342 128 348
person 0.3146 106 341 114 348
person 0.3144 296 358 307 365
person 0.3053 382 309 390 325
