person 0.8694 485 379 509 430
person 0.8417 245 374 269 436
person 0.8359 531 375 549 430
person 0.8357 547 372 567 431
person 0.7089 509 374 530 430
person 0.7059 379 287 385 294
person 0.6406 303 286 309 291
person 0.6097 408 299 416 307
person 0.5926 263 290 273 297
person 0.5834 447 298 453 305
person 0.5516 473 285 479 291
person 0.4318 228 281 234 288
person 0.4162 191 284 198 292
person 0.3399 114 286 120 293
person 0.3344 591 279 598 287
person 0.3211 270 288 277 294
person 0.3047 173 287 178 293
person 0.3016 283 283 290 288
