person 0.8589 2 119 189 479
person 0.8420 168 151 271 460
person 0.7746 485 170 508 222
person 0.6391 255 159 302 305
person 0.5874 292 171 330 247
person 0.4776 462 171 470 190
person 0.4773 506 169 516 191
person 0.4592 315 179 340 239
person 0.4152 242 177 269 236
person 0.3782 245 174 266 202
person 0.3746 396 173 403 188
person 0.3484 403 173 409 186
person 0.3480 368 172 374 184
person 0.3449 444 177 451 191
person 0.3436 451 172 459 190
person 0.3376 515 168 521 191
person 0.3028 502 170 510 188
