person 0.7778 152 188 199 311
person 0.7579 546 166 603 269
person 0.7155 525 169 561 256
person 0.6558 374 142 422 190
person 0.5980 123 193 158 304
person 0.5393 64 188 125 309
person 0.4594 107 192 142 305
person 0.4070 230 202 275 298
person 0.4032 186 189 209 291
person 0.4015 62 157 72 173
person 0.3922 51 187 75 257
person 0.3854 459 155 497 193
person 0.3801 534 212 575 267
person 0.3645 197 168 223 216
person 0.3511 56 156 68 173
person 0.3453 439 142 483 188
person 0.3210 278 198 296 214
person 0.3059 196 161 213 205
