person 0.9048 557 296 580 364
person 0.9022 413 296 436 364
person 0.8530 438 300 460 361
person 0.8115 529 301 550 365
person 0.7528 584 298 608 365
person 0.6972 604 298 626 364
person 0.4935 496 303 510 344
person 0.3883 484 302 499 343
person 0.3666 615 302 635 359
person 0.3576 468 300 478 324
person 0.3516 461 300 472 323
person 0.3348 385 317 399 362
person 0.3229 588 303 607 341
person 0.3127 186 308 196 329
person 0.3047 392 302 413 361
person 0.3041 621 306 631 332
person 0.3030 126 319 149 380
