person 0.8154 269 159 339 409
person 0.7819 559 268 595 381
person 0.6498 0 278 72 473
person 0.6403 47 273 77 340
person 0.5809 512 277 562 398
person 0.5672 357 267 384 297
person 0.5423 404 267 440 334
person 0.4718 340 265 365 298
person 0.4700 368 263 399 301
person 0.4625 420 271 459 332
person 0.3697 504 282 529 333
person 0.3589 392 262 424 310
person 0.3498 386 264 411 301
person 0.3457 432 271 460 311
person 0.3265 595 266 625 311
person 0.3153 381 269 399 298
person 0.3095 111 274 144 401
