person 0.5592 227 74 232 82
person 0.5171 564 14 571 24
person 0.5069 223 105 232 116
person 0.4838 574 14 581 25
person 0.4438 108 143 122 163
person 0.4255 186 127 200 137
person 0.3937 220 335 234 358
person 0.3654 195 127 204 136
person 0.3613 569 57 583 69
person 0.3606 41 126 60 157
person 0.3428 145 156 160 184
person 0.3398 121 39 127 48
person 0.3382 32 23 38 31
person 0.3358 102 39 109 46
person 0.3307 8 21 14 27
person 0.3260 248 63 255 72
person 0.3247 221 107 228 116
person 0.3106 74 33 81 41
person 0.3056 558 14 566 23
person 0.3017 67 33 75 41
person 0.3004 522 110 527 119
