person 0.9066 165 174 200 269
person 0.8662 452 156 495 295
person 0.8039 254 159 316 269
person 0.4632 441 195 449 215
person 0.4621 257 195 265 212
person 0.3983 235 197 242 211
person 0.3759 369 200 376 210
person 0.3658 265 196 273 211
person 0.3539 427 197 434 211
person 0.3525 382 199 390 210
person 0.3466 345 200 352 211
person 0.3419 372 199 380 210
person 0.3333 445 193 452 213
person 0.3278 244 195 251 211
person 0.3266 397 199 405 211
person 0.3265 227 197 235 210
person 0.3210 359 198 366 211
person 0.3208 413 199 419 211
person 0.3087 316 198 324 211
person 0.3079 402 199 410 211
person 0.3075 269 195 276 210
