person 0.9258 21 202 142 639
person 0.9082 182 269 342 599
person 0.8953 117 277 157 412
person 0.7260 0 262 41 403
person 0.6217 34 261 55 289
person 0.5305 152 306 187 431
person 0.5144 157 335 195 471
person 0.4849 189 271 223 305
person 0.4437 175 274 215 345
person 0.4430 226 279 246 295
person 0.4198 267 271 302 313
person 0.3839 106 276 120 296
person 0.3830 206 278 248 311
person 0.3696 155 301 186 360
person 0.3292 0 306 13 428
person 0.3243 161 288 180 324
person 0.3096 279 278 337 384
person 0.3028 112 275 124 297
