person 0.9384 375 187 431 316
person 0.9137 168 174 216 315
person 0.8490 205 172 249 313
person 0.8106 290 184 336 317
person 0.7422 355 41 383 117
person 0.7327 311 64 336 120
person 0.7285 25 37 58 69
person 0.7204 375 34 406 120
person 0.7141 595 73 627 120
person 0.7135 402 47 436 121
person 0.6929 262 182 318 324
person 0.6394 249 183 290 322
person 0.6290 62 38 92 68
person 0.6281 535 40 565 76
person 0.6039 518 48 538 75
person 0.5888 444 48 475 121
person 0.5825 597 48 620 77
person 0.5788 330 51 354 117
person 0.5774 502 47 520 76
person 0.5559 0 32 18 68
person 0.4721 431 48 459 119
person 0.4715 387 39 421 120
person 0.4710 565 48 591 77
person 0.4608 468 46 501 121
person 0.4566 624 49 639 76
person 0.4505 208 40 232 72
person 0.4367 106 48 139 108
person 0.4298 622 51 639 114
person 0.4145 90 31 113 63
person 0.4045 554 49 582 77
person 0.3838 186 45 214 113
person 0.3833 474 48 498 75
person 0.3767 459 47 476 72
person 0.3686 125 45 156 109
person 0.3445 200 41 230 112
person 0.3399 216 40 257 114
person 0.3399 316 37 346 81
person 0.3380 132 39 154 71
person 0.3353 233 41 259 72
person 0.3229 155 38 188 71
person 0.3199 520 43 552 75
person 0.3195 440 48 459 76
person 0.3097 330 49 349 78
