person 156 17 383 512
person 6 110 193 512
person 108 122 192 234
person 568 171 640 406
person 0 371 35 511
person 156 17 383 512
person 6 110 193 512
person 108 122 192 234
person 568 171 640 406
person 0 371 35 511
person 156 17 383 512
person 6 110 193 512
person 108 122 192 234
person 568 171 640 406
person 0 371 35 511
person 156 17 383 512
person 6 110 193 512
person 108 122 192 234
person 568 171 640 406
person 0 371 35 511
person 156 17 383 512
person 6 110 193 512
person 108 122 192 234
person 568 171 640 406
person 0 371 35 511
person 156 17 383 512
person 6 110 193 512
person 108 122 192 234
person 568 171 640 406
person 0 371 35 511
