person 0 2 74 282
person 400 0 420 131
person 323 3 367 129
person 259 0 313 74
person 374 0 406 121
person 0 2 74 282
person 400 0 420 131
person 323 3 367 129
person 259 0 313 74
person 374 0 406 121
person 0 2 74 282
person 400 0 420 131
person 323 3 367 129
person 259 0 313 74
person 374 0 406 121
person 0 2 74 282
person 400 0 420 131
person 323 3 367 129
person 259 0 313 74
person 374 0 406 121
person 0 2 74 282
person 400 0 420 131
person 323 3 367 129
person 259 0 313 74
person 374 0 406 121
person 0 2 74 282
person 400 0 420 131
person 323 3 367 129
person 259 0 313 74
person 374 0 406 121
