person 211 392 277 577
person 409 462 435 521
person 431 457 456 525
person 168 456 182 505
person 47 448 60 497
person 467 471 478 509
person 24 453 48 498
person 59 457 68 483
person 450 472 461 525
person 211 392 277 577
person 409 462 435 521
person 431 457 456 525
person 168 456 182 505
person 47 448 60 497
person 467 471 478 509
person 24 453 48 498
person 59 457 68 483
person 450 472 461 525
person 211 392 277 577
person 409 462 435 521
person 431 457 456 525
person 168 456 182 505
person 47 448 60 497
person 467 471 478 509
person 24 453 48 498
person 59 457 68 483
person 450 472 461 525
person 211 392 277 577
person 409 462 435 521
person 431 457 456 525
person 168 456 182 505
person 47 448 60 497
person 467 471 478 509
person 24 453 48 498
person 59 457 68 483
person 450 472 461 525
person 211 392 277 577
person 409 462 435 521
person 431 457 456 525
person 168 456 182 505
person 47 448 60 497
person 467 471 478 509
person 24 453 48 498
person 59 457 68 483
person 450 472 461 525
person 211 392 277 577
person 409 462 435 521
person 431 457 456 525
person 168 456 182 505
person 47 448 60 497
person 467 471 478 509
person 24 453 48 498
person 59 457 68 483
person 450 472 461 525
