person 31 114 60 190
person 242 122 328 370
person 97 107 159 286
person 153 103 257 375
person 76 158 88 177
person 31 114 60 190
person 242 122 328 370
person 97 107 159 286
person 153 103 257 375
person 76 158 88 177
person 31 114 60 190
person 242 122 328 370
person 97 107 159 286
person 153 103 257 375
person 76 158 88 177
person 31 114 60 190
person 242 122 328 370
person 97 107 159 286
person 153 103 257 375
person 76 158 88 177
person 31 114 60 190
person 242 122 328 370
person 97 107 159 286
person 153 103 257 375
person 76 158 88 177
person 31 114 60 190
person 242 122 328 370
person 97 107 159 286
person 153 103 257 375
person 76 158 88 177
