person 101 90 212 486
person 55 121 119 437
person 0 113 31 462
person 48 106 72 185
person 24 118 57 246
person 101 90 212 486
person 55 121 119 437
person 0 113 31 462
person 48 106 72 185
person 24 118 57 246
person 101 90 212 486
person 55 121 119 437
person 0 113 31 462
person 48 106 72 185
person 24 118 57 246
person 101 90 212 486
person 55 121 119 437
person 0 113 31 462
person 48 106 72 185
person 24 118 57 246
person 101 90 212 486
person 55 121 119 437
person 0 113 31 462
person 48 106 72 185
person 24 118 57 246
person 101 90 212 486
person 55 121 119 437
person 0 113 31 462
person 48 106 72 185
person 24 118 57 246
