person 403 36 463 311
person 260 0 414 336
person 202 1 303 279
person 155 1 251 273
person 19 2 109 257
person 0 2 38 251
person 107 0 144 112
person 570 38 599 66
person 531 42 551 99
person 472 53 497 77
person 403 36 463 311
person 260 0 414 336
person 202 1 303 279
person 155 1 251 273
person 19 2 109 257
person 0 2 38 251
person 107 0 144 112
person 570 38 599 66
person 531 42 551 99
person 472 53 497 77
person 403 36 463 311
person 260 0 414 336
person 202 1 303 279
person 155 1 251 273
person 19 2 109 257
person 0 2 38 251
person 107 0 144 112
person 570 38 599 66
person 531 42 551 99
person 472 53 497 77
person 403 36 463 311
person 260 0 414 336
person 202 1 303 279
person 155 1 251 273
person 19 2 109 257
person 0 2 38 251
person 107 0 144 112
person 570 38 599 66
person 531 42 551 99
person 472 53 497 77
person 403 36 463 311
person 260 0 414 336
person 202 1 303 279
person 155 1 251 273
person 19 2 109 257
person 0 2 38 251
person 107 0 144 112
person 570 38 599 66
person 531 42 551 99
person 472 53 497 77
person 403 36 463 311
person 260 0 414 336
person 202 1 303 279
person 155 1 251 273
person 19 2 109 257
person 0 2 38 251
person 107 0 144 112
person 570 38 599 66
person 531 42 551 99
person 472 53 497 77
