person 0 95 95 280
person 532 153 631 332
person 475 0 528 41
person 605 327 640 428
person 302 140 407 316
person 0 95 95 280
person 532 153 631 332
person 475 0 528 41
person 605 327 640 428
person 302 140 407 316
person 0 95 95 280
person 532 153 631 332
person 475 0 528 41
person 605 327 640 428
person 302 140 407 316
person 0 95 95 280
person 532 153 631 332
person 475 0 528 41
person 605 327 640 428
person 302 140 407 316
person 0 95 95 280
person 532 153 631 332
person 475 0 528 41
person 605 327 640 428
person 302 140 407 316
person 0 95 95 280
person 532 153 631 332
person 475 0 528 41
person 605 327 640 428
person 302 140 407 316
