person 120 303 161 410
person 19 424 87 480
person 357 325 396 447
person 391 318 431 426
person 427 321 450 415
person 485 238 499 274
person 111 447 139 480
person 120 303 161 410
person 19 424 87 480
person 357 325 396 447
person 391 318 431 426
person 427 321 450 415
person 485 238 499 274
person 111 447 139 480
person 120 303 161 410
person 19 424 87 480
person 357 325 396 447
person 391 318 431 426
person 427 321 450 415
person 485 238 499 274
person 111 447 139 480
person 120 303 161 410
person 19 424 87 480
person 357 325 396 447
person 391 318 431 426
person 427 321 450 415
person 485 238 499 274
person 111 447 139 480
person 120 303 161 410
person 19 424 87 480
person 357 325 396 447
person 391 318 431 426
person 427 321 450 415
person 485 238 499 274
person 111 447 139 480
person 120 303 161 410
person 19 424 87 480
person 357 325 396 447
person 391 318 431 426
person 427 321 450 415
person 485 238 499 274
person 111 447 139 480
