person 256 0 315 71
person 80 97 201 195
person 443 150 533 244
person 613 252 640 366
person 436 226 532 339
person 281 262 417 375
person 256 0 315 71
person 80 97 201 195
person 443 150 533 244
person 613 252 640 366
person 436 226 532 339
person 281 262 417 375
person 256 0 315 71
person 80 97 201 195
person 443 150 533 244
person 613 252 640 366
person 436 226 532 339
person 281 262 417 375
person 256 0 315 71
person 80 97 201 195
person 443 150 533 244
person 613 252 640 366
person 436 226 532 339
person 281 262 417 375
person 256 0 315 71
person 80 97 201 195
person 443 150 533 244
person 613 252 640 366
person 436 226 532 339
person 281 262 417 375
person 256 0 315 71
person 80 97 201 195
person 443 150 533 244
person 613 252 640 366
person 436 226 532 339
person 281 262 417 375
