person 560 113 640 282
person 514 100 583 261
person 347 122 479 354
person 369 116 431 203
person 321 96 404 181
person 277 91 334 152
person 216 98 264 171
person 196 109 232 180
person 142 120 202 245
person 412 69 462 135
person 63 113 223 395
person 30 108 87 253
person 226 63 254 84
person 560 113 640 282
person 514 100 583 261
person 347 122 479 354
person 369 116 431 203
person 321 96 404 181
person 277 91 334 152
person 216 98 264 171
person 196 109 232 180
person 142 120 202 245
person 412 69 462 135
person 63 113 223 395
person 30 108 87 253
person 226 63 254 84
person 560 113 640 282
person 514 100 583 261
person 347 122 479 354
person 369 116 431 203
person 321 96 404 181
person 277 91 334 152
person 216 98 264 171
person 196 109 232 180
person 142 120 202 245
person 412 69 462 135
person 63 113 223 395
person 30 108 87 253
person 226 63 254 84
person 560 113 640 282
person 514 100 583 261
person 347 122 479 354
person 369 116 431 203
person 321 96 404 181
person 277 91 334 152
person 216 98 264 171
person 196 109 232 180
person 142 120 202 245
person 412 69 462 135
person 63 113 223 395
person 30 108 87 253
person 226 63 254 84
person 560 113 640 282
person 514 100 583 261
person 347 122 479 354
person 369 116 431 203
person 321 96 404 181
person 277 91 334 152
person 216 98 264 171
person 196 109 232 180
person 142 120 202 245
person 412 69 462 135
person 63 113 223 395
person 30 108 87 253
person 226 63 254 84
person 560 113 640 282
person 514 100 583 261
person 347 122 479 354
person 369 116 431 203
person 321 96 404 181
person 277 91 334 152
person 216 98 264 171
person 196 109 232 180
person 142 120 202 245
person 412 69 462 135
person 63 113 223 395
person 30 108 87 253
person 226 63 254 84
