person 166 124 215 212
person 0 109 32 330
person 219 162 282 181
person 33 135 86 218
person 166 124 215 212
person 0 109 32 330
person 219 162 282 181
person 33 135 86 218
person 166 124 215 212
person 0 109 32 330
person 219 162 282 181
person 33 135 86 218
person 166 124 215 212
person 0 109 32 330
person 219 162 282 181
person 33 135 86 218
person 166 124 215 212
person 0 109 32 330
person 219 162 282 181
person 33 135 86 218
person 166 124 215 212
person 0 109 32 330
person 219 162 282 181
person 33 135 86 218
