person 0 487 22 618
person 259 465 301 564
person 428 446 479 593
person 50 474 101 623
person 0 487 22 618
person 259 465 301 564
person 428 446 479 593
person 50 474 101 623
person 0 487 22 618
person 259 465 301 564
person 428 446 479 593
person 50 474 101 623
person 0 487 22 618
person 259 465 301 564
person 428 446 479 593
person 50 474 101 623
person 0 487 22 618
person 259 465 301 564
person 428 446 479 593
person 50 474 101 623
person 0 487 22 618
person 259 465 301 564
person 428 446 479 593
person 50 474 101 623
