person 379 356 405 417
person 392 363 426 425
person 534 371 540 389
person 526 362 532 387
person 539 365 548 389
person 278 338 302 368
person 379 356 405 417
person 392 363 426 425
person 534 371 540 389
person 526 362 532 387
person 539 365 548 389
person 278 338 302 368
person 379 356 405 417
person 392 363 426 425
person 534 371 540 389
person 526 362 532 387
person 539 365 548 389
person 278 338 302 368
person 379 356 405 417
person 392 363 426 425
person 534 371 540 389
person 526 362 532 387
person 539 365 548 389
person 278 338 302 368
person 379 356 405 417
person 392 363 426 425
person 534 371 540 389
person 526 362 532 387
person 539 365 548 389
person 278 338 302 368
person 379 356 405 417
person 392 363 426 425
person 534 371 540 389
person 526 362 532 387
person 539 365 548 389
person 278 338 302 368
