person 96 2 353 309
person 400 105 468 226
person 18 69 73 133
person 443 108 480 204
person 96 2 353 309
person 400 105 468 226
person 18 69 73 133
person 443 108 480 204
person 96 2 353 309
person 400 105 468 226
person 18 69 73 133
person 443 108 480 204
person 96 2 353 309
person 400 105 468 226
person 18 69 73 133
person 443 108 480 204
person 96 2 353 309
person 400 105 468 226
person 18 69 73 133
person 443 108 480 204
person 96 2 353 309
person 400 105 468 226
person 18 69 73 133
person 443 108 480 204
