person 249 184 291 360
person 93 127 638 353
person 544 203 559 219
person 548 185 558 199
person 249 184 291 360
person 93 127 638 353
person 544 203 559 219
person 548 185 558 199
person 249 184 291 360
person 93 127 638 353
person 544 203 559 219
person 548 185 558 199
person 249 184 291 360
person 93 127 638 353
person 544 203 559 219
person 548 185 558 199
person 249 184 291 360
person 93 127 638 353
person 544 203 559 219
person 548 185 558 199
person 249 184 291 360
person 93 127 638 353
person 544 203 559 219
person 548 185 558 199
