person 94 188 257 473
person 201 205 315 405
person 311 171 382 465
person 380 190 444 422
person 422 195 463 393
person 139 162 178 191
person 250 181 311 421
person 362 183 403 302
person 244 168 284 225
person 82 221 130 306
person 182 173 221 253
person 2 245 82 327
person 94 188 257 473
person 201 205 315 405
person 311 171 382 465
person 380 190 444 422
person 422 195 463 393
person 139 162 178 191
person 250 181 311 421
person 362 183 403 302
person 244 168 284 225
person 82 221 130 306
person 182 173 221 253
person 2 245 82 327
person 94 188 257 473
person 201 205 315 405
person 311 171 382 465
person 380 190 444 422
person 422 195 463 393
person 139 162 178 191
person 250 181 311 421
person 362 183 403 302
person 244 168 284 225
person 82 221 130 306
person 182 173 221 253
person 2 245 82 327
person 94 188 257 473
person 201 205 315 405
person 311 171 382 465
person 380 190 444 422
person 422 195 463 393
person 139 162 178 191
person 250 181 311 421
person 362 183 403 302
person 244 168 284 225
person 82 221 130 306
person 182 173 221 253
person 2 245 82 327
person 94 188 257 473
person 201 205 315 405
person 311 171 382 465
person 380 190 444 422
person 422 195 463 393
person 139 162 178 191
person 250 181 311 421
person 362 183 403 302
person 244 168 284 225
person 82 221 130 306
person 182 173 221 253
person 2 245 82 327
person 94 188 257 473
person 201 205 315 405
person 311 171 382 465
person 380 190 444 422
person 422 195 463 393
person 139 162 178 191
person 250 181 311 421
person 362 183 403 302
person 244 168 284 225
person 82 221 130 306
person 182 173 221 253
person 2 245 82 327
