person 171 77 366 429
person 339 71 600 473
person 515 141 631 226
person 0 55 91 474
person 352 188 374 221
person 171 77 366 429
person 339 71 600 473
person 515 141 631 226
person 0 55 91 474
person 352 188 374 221
person 171 77 366 429
person 339 71 600 473
person 515 141 631 226
person 0 55 91 474
person 352 188 374 221
person 171 77 366 429
person 339 71 600 473
person 515 141 631 226
person 0 55 91 474
person 352 188 374 221
person 171 77 366 429
person 339 71 600 473
person 515 141 631 226
person 0 55 91 474
person 352 188 374 221
person 171 77 366 429
person 339 71 600 473
person 515 141 631 226
person 0 55 91 474
person 352 188 374 221
