person 545 55 640 295
person 189 3 474 391
person 3 199 234 419
person 0 139 50 238
person 545 55 640 295
person 189 3 474 391
person 3 199 234 419
person 0 139 50 238
person 545 55 640 295
person 189 3 474 391
person 3 199 234 419
person 0 139 50 238
person 545 55 640 295
person 189 3 474 391
person 3 199 234 419
person 0 139 50 238
person 545 55 640 295
person 189 3 474 391
person 3 199 234 419
person 0 139 50 238
person 545 55 640 295
person 189 3 474 391
person 3 199 234 419
person 0 139 50 238
