person 349 189 385 283
person 285 192 304 289
person 217 197 236 252
person 9 193 34 277
person 314 194 340 287
person 162 202 181 238
person 134 200 141 228
person 205 196 220 248
person 0 194 14 284
person 139 199 147 230
person 349 189 385 283
person 285 192 304 289
person 217 197 236 252
person 9 193 34 277
person 314 194 340 287
person 162 202 181 238
person 134 200 141 228
person 205 196 220 248
person 0 194 14 284
person 139 199 147 230
person 349 189 385 283
person 285 192 304 289
person 217 197 236 252
person 9 193 34 277
person 314 194 340 287
person 162 202 181 238
person 134 200 141 228
person 205 196 220 248
person 0 194 14 284
person 139 199 147 230
person 349 189 385 283
person 285 192 304 289
person 217 197 236 252
person 9 193 34 277
person 314 194 340 287
person 162 202 181 238
person 134 200 141 228
person 205 196 220 248
person 0 194 14 284
person 139 199 147 230
person 349 189 385 283
person 285 192 304 289
person 217 197 236 252
person 9 193 34 277
person 314 194 340 287
person 162 202 181 238
person 134 200 141 228
person 205 196 220 248
person 0 194 14 284
person 139 199 147 230
person 349 189 385 283
person 285 192 304 289
person 217 197 236 252
person 9 193 34 277
person 314 194 340 287
person 162 202 181 238
person 134 200 141 228
person 205 196 220 248
person 0 194 14 284
person 139 199 147 230
