person 400 64 500 326
person 263 113 371 274
person 0 97 145 322
person 149 120 202 225
person 81 131 217 321
person 400 64 500 326
person 263 113 371 274
person 0 97 145 322
person 149 120 202 225
person 81 131 217 321
person 400 64 500 326
person 263 113 371 274
person 0 97 145 322
person 149 120 202 225
person 81 131 217 321
person 400 64 500 326
person 263 113 371 274
person 0 97 145 322
person 149 120 202 225
person 81 131 217 321
person 400 64 500 326
person 263 113 371 274
person 0 97 145 322
person 149 120 202 225
person 81 131 217 321
person 400 64 500 326
person 263 113 371 274
person 0 97 145 322
person 149 120 202 225
person 81 131 217 321
