person 422 191 438 269
person 405 188 426 270
person 395 228 405 256
person 265 232 271 248
person 422 191 438 269
person 405 188 426 270
person 395 228 405 256
person 265 232 271 248
person 422 191 438 269
person 405 188 426 270
person 395 228 405 256
person 265 232 271 248
person 422 191 438 269
person 405 188 426 270
person 395 228 405 256
person 265 232 271 248
person 422 191 438 269
person 405 188 426 270
person 395 228 405 256
person 265 232 271 248
person 422 191 438 269
person 405 188 426 270
person 395 228 405 256
person 265 232 271 248
