person 345 105 459 339
person 83 169 210 335
person 520 112 585 241
person 2 140 112 329
person 426 110 497 232
person 345 130 392 239
person 345 105 459 339
person 83 169 210 335
person 520 112 585 241
person 2 140 112 329
person 426 110 497 232
person 345 130 392 239
person 345 105 459 339
person 83 169 210 335
person 520 112 585 241
person 2 140 112 329
person 426 110 497 232
person 345 130 392 239
person 345 105 459 339
person 83 169 210 335
person 520 112 585 241
person 2 140 112 329
person 426 110 497 232
person 345 130 392 239
person 345 105 459 339
person 83 169 210 335
person 520 112 585 241
person 2 140 112 329
person 426 110 497 232
person 345 130 392 239
person 345 105 459 339
person 83 169 210 335
person 520 112 585 241
person 2 140 112 329
person 426 110 497 232
person 345 130 392 239
