person 431 146 516 294
person 360 117 450 225
person 526 134 586 260
person 106 194 180 267
person 0 201 127 456
person 473 182 640 385
person 498 297 636 480
person 0 330 61 474
person 93 20 482 480
person 431 146 516 294
person 360 117 450 225
person 526 134 586 260
person 106 194 180 267
person 0 201 127 456
person 473 182 640 385
person 498 297 636 480
person 0 330 61 474
person 93 20 482 480
person 431 146 516 294
person 360 117 450 225
person 526 134 586 260
person 106 194 180 267
person 0 201 127 456
person 473 182 640 385
person 498 297 636 480
person 0 330 61 474
person 93 20 482 480
person 431 146 516 294
person 360 117 450 225
person 526 134 586 260
person 106 194 180 267
person 0 201 127 456
person 473 182 640 385
person 498 297 636 480
person 0 330 61 474
person 93 20 482 480
person 431 146 516 294
person 360 117 450 225
person 526 134 586 260
person 106 194 180 267
person 0 201 127 456
person 473 182 640 385
person 498 297 636 480
person 0 330 61 474
person 93 20 482 480
person 431 146 516 294
person 360 117 450 225
person 526 134 586 260
person 106 194 180 267
person 0 201 127 456
person 473 182 640 385
person 498 297 636 480
person 0 330 61 474
person 93 20 482 480
