person 160 42 319 303
person 366 49 607 457
person 548 74 601 212
person 350 92 358 139
person 314 86 340 122
person 295 128 331 215
person 305 115 340 155
person 192 76 219 103
person 191 70 203 100
person 160 42 319 303
person 366 49 607 457
person 548 74 601 212
person 350 92 358 139
person 314 86 340 122
person 295 128 331 215
person 305 115 340 155
person 192 76 219 103
person 191 70 203 100
person 160 42 319 303
person 366 49 607 457
person 548 74 601 212
person 350 92 358 139
person 314 86 340 122
person 295 128 331 215
person 305 115 340 155
person 192 76 219 103
person 191 70 203 100
person 160 42 319 303
person 366 49 607 457
person 548 74 601 212
person 350 92 358 139
person 314 86 340 122
person 295 128 331 215
person 305 115 340 155
person 192 76 219 103
person 191 70 203 100
person 160 42 319 303
person 366 49 607 457
person 548 74 601 212
person 350 92 358 139
person 314 86 340 122
person 295 128 331 215
person 305 115 340 155
person 192 76 219 103
person 191 70 203 100
person 160 42 319 303
person 366 49 607 457
person 548 74 601 212
person 350 92 358 139
person 314 86 340 122
person 295 128 331 215
person 305 115 340 155
person 192 76 219 103
person 191 70 203 100
