person 329 266 483 419
person 152 331 215 428
person 557 275 573 293
person 115 390 155 423
person 329 266 483 419
person 152 331 215 428
person 557 275 573 293
person 115 390 155 423
person 329 266 483 419
person 152 331 215 428
person 557 275 573 293
person 115 390 155 423
person 329 266 483 419
person 152 331 215 428
person 557 275 573 293
person 115 390 155 423
person 329 266 483 419
person 152 331 215 428
person 557 275 573 293
person 115 390 155 423
person 329 266 483 419
person 152 331 215 428
person 557 275 573 293
person 115 390 155 423
