person 271 79 335 283
person 201 101 287 324
person 154 78 208 313
person 325 79 488 326
person 209 52 275 157
person 271 79 335 283
person 201 101 287 324
person 154 78 208 313
person 325 79 488 326
person 209 52 275 157
person 271 79 335 283
person 201 101 287 324
person 154 78 208 313
person 325 79 488 326
person 209 52 275 157
person 271 79 335 283
person 201 101 287 324
person 154 78 208 313
person 325 79 488 326
person 209 52 275 157
person 271 79 335 283
person 201 101 287 324
person 154 78 208 313
person 325 79 488 326
person 209 52 275 157
person 271 79 335 283
person 201 101 287 324
person 154 78 208 313
person 325 79 488 326
person 209 52 275 157
