person 191 55 403 254
person 365 18 591 319
person 0 0 119 296
person 523 108 576 181
person 571 116 640 221
person 191 55 403 254
person 365 18 591 319
person 0 0 119 296
person 523 108 576 181
person 571 116 640 221
person 191 55 403 254
person 365 18 591 319
person 0 0 119 296
person 523 108 576 181
person 571 116 640 221
person 191 55 403 254
person 365 18 591 319
person 0 0 119 296
person 523 108 576 181
person 571 116 640 221
person 191 55 403 254
person 365 18 591 319
person 0 0 119 296
person 523 108 576 181
person 571 116 640 221
person 191 55 403 254
person 365 18 591 319
person 0 0 119 296
person 523 108 576 181
person 571 116 640 221
