person 445 94 598 439
person 449 0 624 280
person 213 0 333 220
person 175 69 240 328
person 228 0 340 171
person 445 94 598 439
person 449 0 624 280
person 213 0 333 220
person 175 69 240 328
person 228 0 340 171
person 445 94 598 439
person 449 0 624 280
person 213 0 333 220
person 175 69 240 328
person 228 0 340 171
person 445 94 598 439
person 449 0 624 280
person 213 0 333 220
person 175 69 240 328
person 228 0 340 171
person 445 94 598 439
person 449 0 624 280
person 213 0 333 220
person 175 69 240 328
person 228 0 340 171
person 445 94 598 439
person 449 0 624 280
person 213 0 333 220
person 175 69 240 328
person 228 0 340 171
