person 55 45 117 173
person 309 53 354 115
person 356 51 416 152
person 395 86 417 187
person 35 90 97 183
person 0 102 64 184
person 135 120 198 183
person 177 48 405 595
person 222 127 258 169
person 55 45 117 173
person 309 53 354 115
person 356 51 416 152
person 395 86 417 187
person 35 90 97 183
person 0 102 64 184
person 135 120 198 183
person 177 48 405 595
person 222 127 258 169
person 55 45 117 173
person 309 53 354 115
person 356 51 416 152
person 395 86 417 187
person 35 90 97 183
person 0 102 64 184
person 135 120 198 183
person 177 48 405 595
person 222 127 258 169
person 55 45 117 173
person 309 53 354 115
person 356 51 416 152
person 395 86 417 187
person 35 90 97 183
person 0 102 64 184
person 135 120 198 183
person 177 48 405 595
person 222 127 258 169
person 55 45 117 173
person 309 53 354 115
person 356 51 416 152
person 395 86 417 187
person 35 90 97 183
person 0 102 64 184
person 135 120 198 183
person 177 48 405 595
person 222 127 258 169
person 55 45 117 173
person 309 53 354 115
person 356 51 416 152
person 395 86 417 187
person 35 90 97 183
person 0 102 64 184
person 135 120 198 183
person 177 48 405 595
person 222 127 258 169
