person 251 37 456 306
person 162 1 208 128
person 64 17 109 138
person 540 24 583 130
person 529 9 549 123
person 431 14 477 84
person 334 25 361 85
person 27 24 77 144
person 511 15 536 119
person 149 49 171 71
person 477 16 517 58
person 228 4 276 196
person 251 37 456 306
person 162 1 208 128
person 64 17 109 138
person 540 24 583 130
person 529 9 549 123
person 431 14 477 84
person 334 25 361 85
person 27 24 77 144
person 511 15 536 119
person 149 49 171 71
person 477 16 517 58
person 228 4 276 196
person 251 37 456 306
person 162 1 208 128
person 64 17 109 138
person 540 24 583 130
person 529 9 549 123
person 431 14 477 84
person 334 25 361 85
person 27 24 77 144
person 511 15 536 119
person 149 49 171 71
person 477 16 517 58
person 228 4 276 196
person 251 37 456 306
person 162 1 208 128
person 64 17 109 138
person 540 24 583 130
person 529 9 549 123
person 431 14 477 84
person 334 25 361 85
person 27 24 77 144
person 511 15 536 119
person 149 49 171 71
person 477 16 517 58
person 228 4 276 196
person 251 37 456 306
person 162 1 208 128
person 64 17 109 138
person 540 24 583 130
person 529 9 549 123
person 431 14 477 84
person 334 25 361 85
person 27 24 77 144
person 511 15 536 119
person 149 49 171 71
person 477 16 517 58
person 228 4 276 196
person 251 37 456 306
person 162 1 208 128
person 64 17 109 138
person 540 24 583 130
person 529 9 549 123
person 431 14 477 84
person 334 25 361 85
person 27 24 77 144
person 511 15 536 119
person 149 49 171 71
person 477 16 517 58
person 228 4 276 196
