person 495 120 587 261
person 432 143 480 252
person 38 111 70 204
person 185 106 249 154
person 0 240 164 427
person 589 136 640 259
person 495 120 587 261
person 432 143 480 252
person 38 111 70 204
person 185 106 249 154
person 0 240 164 427
person 589 136 640 259
person 495 120 587 261
person 432 143 480 252
person 38 111 70 204
person 185 106 249 154
person 0 240 164 427
person 589 136 640 259
person 495 120 587 261
person 432 143 480 252
person 38 111 70 204
person 185 106 249 154
person 0 240 164 427
person 589 136 640 259
person 495 120 587 261
person 432 143 480 252
person 38 111 70 204
person 185 106 249 154
person 0 240 164 427
person 589 136 640 259
person 495 120 587 261
person 432 143 480 252
person 38 111 70 204
person 185 106 249 154
person 0 240 164 427
person 589 136 640 259
