person 478 205 544 326
person 272 207 342 370
person 339 213 383 374
person 255 265 293 356
person 201 278 254 357
person 478 205 544 326
person 272 207 342 370
person 339 213 383 374
person 255 265 293 356
person 201 278 254 357
person 478 205 544 326
person 272 207 342 370
person 339 213 383 374
person 255 265 293 356
person 201 278 254 357
person 478 205 544 326
person 272 207 342 370
person 339 213 383 374
person 255 265 293 356
person 201 278 254 357
person 478 205 544 326
person 272 207 342 370
person 339 213 383 374
person 255 265 293 356
person 201 278 254 357
person 478 205 544 326
person 272 207 342 370
person 339 213 383 374
person 255 265 293 356
person 201 278 254 357
