person 47 296 75 329
person 32 298 49 328
person 320 275 347 379
person 10 302 23 328
person 266 293 290 382
person 369 278 375 324
person 290 299 305 319
person 302 298 314 316
person 47 296 75 329
person 32 298 49 328
person 320 275 347 379
person 10 302 23 328
person 266 293 290 382
person 369 278 375 324
person 290 299 305 319
person 302 298 314 316
person 47 296 75 329
person 32 298 49 328
person 320 275 347 379
person 10 302 23 328
person 266 293 290 382
person 369 278 375 324
person 290 299 305 319
person 302 298 314 316
person 47 296 75 329
person 32 298 49 328
person 320 275 347 379
person 10 302 23 328
person 266 293 290 382
person 369 278 375 324
person 290 299 305 319
person 302 298 314 316
person 47 296 75 329
person 32 298 49 328
person 320 275 347 379
person 10 302 23 328
person 266 293 290 382
person 369 278 375 324
person 290 299 305 319
person 302 298 314 316
person 47 296 75 329
person 32 298 49 328
person 320 275 347 379
person 10 302 23 328
person 266 293 290 382
person 369 278 375 324
person 290 299 305 319
person 302 298 314 316
