person 0 248 93 427
person 72 219 141 340
person 82 248 202 421
person 293 236 476 421
person 465 230 570 427
person 0 214 26 296
person 369 211 409 326
person 451 198 604 371
person 250 222 349 316
person 0 248 93 427
person 72 219 141 340
person 82 248 202 421
person 293 236 476 421
person 465 230 570 427
person 0 214 26 296
person 369 211 409 326
person 451 198 604 371
person 250 222 349 316
person 0 248 93 427
person 72 219 141 340
person 82 248 202 421
person 293 236 476 421
person 465 230 570 427
person 0 214 26 296
person 369 211 409 326
person 451 198 604 371
person 250 222 349 316
person 0 248 93 427
person 72 219 141 340
person 82 248 202 421
person 293 236 476 421
person 465 230 570 427
person 0 214 26 296
person 369 211 409 326
person 451 198 604 371
person 250 222 349 316
person 0 248 93 427
person 72 219 141 340
person 82 248 202 421
person 293 236 476 421
person 465 230 570 427
person 0 214 26 296
person 369 211 409 326
person 451 198 604 371
person 250 222 349 316
person 0 248 93 427
person 72 219 141 340
person 82 248 202 421
person 293 236 476 421
person 465 230 570 427
person 0 214 26 296
person 369 211 409 326
person 451 198 604 371
person 250 222 349 316
