person 412 185 418 203
person 132 194 145 228
person 371 179 378 191
person 417 184 421 205
person 408 183 413 205
person 233 171 253 187
person 412 185 418 203
person 132 194 145 228
person 371 179 378 191
person 417 184 421 205
person 408 183 413 205
person 233 171 253 187
person 412 185 418 203
person 132 194 145 228
person 371 179 378 191
person 417 184 421 205
person 408 183 413 205
person 233 171 253 187
person 412 185 418 203
person 132 194 145 228
person 371 179 378 191
person 417 184 421 205
person 408 183 413 205
person 233 171 253 187
person 412 185 418 203
person 132 194 145 228
person 371 179 378 191
person 417 184 421 205
person 408 183 413 205
person 233 171 253 187
person 412 185 418 203
person 132 194 145 228
person 371 179 378 191
person 417 184 421 205
person 408 183 413 205
person 233 171 253 187
