person 554 168 614 279
person 528 169 565 273
person 63 157 75 174
person 57 158 64 174
person 376 144 410 182
person 446 150 495 187
person 22 162 30 175
person 554 168 614 279
person 528 169 565 273
person 63 157 75 174
person 57 158 64 174
person 376 144 410 182
person 446 150 495 187
person 22 162 30 175
person 554 168 614 279
person 528 169 565 273
person 63 157 75 174
person 57 158 64 174
person 376 144 410 182
person 446 150 495 187
person 22 162 30 175
person 554 168 614 279
person 528 169 565 273
person 63 157 75 174
person 57 158 64 174
person 376 144 410 182
person 446 150 495 187
person 22 162 30 175
person 554 168 614 279
person 528 169 565 273
person 63 157 75 174
person 57 158 64 174
person 376 144 410 182
person 446 150 495 187
person 22 162 30 175
person 554 168 614 279
person 528 169 565 273
person 63 157 75 174
person 57 158 64 174
person 376 144 410 182
person 446 150 495 187
person 22 162 30 175
