person 138 185 426 460
person 1 276 228 559
person 0 2 272 406
person 429 0 512 166
person 138 185 426 460
person 1 276 228 559
person 0 2 272 406
person 429 0 512 166
person 138 185 426 460
person 1 276 228 559
person 0 2 272 406
person 429 0 512 166
person 138 185 426 460
person 1 276 228 559
person 0 2 272 406
person 429 0 512 166
person 138 185 426 460
person 1 276 228 559
person 0 2 272 406
person 429 0 512 166
person 138 185 426 460
person 1 276 228 559
person 0 2 272 406
person 429 0 512 166
