person 32 438 60 513
person 69 436 94 509
person 402 452 432 516
person 466 453 477 477
person 157 441 164 465
person 87 441 102 506
person 447 450 464 475
person 397 442 416 472
person 319 446 327 462
person 102 448 110 463
person 32 438 60 513
person 69 436 94 509
person 402 452 432 516
person 466 453 477 477
person 157 441 164 465
person 87 441 102 506
person 447 450 464 475
person 397 442 416 472
person 319 446 327 462
person 102 448 110 463
person 32 438 60 513
person 69 436 94 509
person 402 452 432 516
person 466 453 477 477
person 157 441 164 465
person 87 441 102 506
person 447 450 464 475
person 397 442 416 472
person 319 446 327 462
person 102 448 110 463
person 32 438 60 513
person 69 436 94 509
person 402 452 432 516
person 466 453 477 477
person 157 441 164 465
person 87 441 102 506
person 447 450 464 475
person 397 442 416 472
person 319 446 327 462
person 102 448 110 463
person 32 438 60 513
person 69 436 94 509
person 402 452 432 516
person 466 453 477 477
person 157 441 164 465
person 87 441 102 506
person 447 450 464 475
person 397 442 416 472
person 319 446 327 462
person 102 448 110 463
person 32 438 60 513
person 69 436 94 509
person 402 452 432 516
person 466 453 477 477
person 157 441 164 465
person 87 441 102 506
person 447 450 464 475
person 397 442 416 472
person 319 446 327 462
person 102 448 110 463
