person 176 376 217 425
person 54 371 82 417
person 410 340 457 422
person 150 366 184 416
person 21 371 53 414
person 167 378 220 400
person 4 373 26 414
person 176 376 217 425
person 54 371 82 417
person 410 340 457 422
person 150 366 184 416
person 21 371 53 414
person 167 378 220 400
person 4 373 26 414
person 176 376 217 425
person 54 371 82 417
person 410 340 457 422
person 150 366 184 416
person 21 371 53 414
person 167 378 220 400
person 4 373 26 414
person 176 376 217 425
person 54 371 82 417
person 410 340 457 422
person 150 366 184 416
person 21 371 53 414
person 167 378 220 400
person 4 373 26 414
person 176 376 217 425
person 54 371 82 417
person 410 340 457 422
person 150 366 184 416
person 21 371 53 414
person 167 378 220 400
person 4 373 26 414
person 176 376 217 425
person 54 371 82 417
person 410 340 457 422
person 150 366 184 416
person 21 371 53 414
person 167 378 220 400
person 4 373 26 414
