person 116 4 640 475
person 599 69 628 140
person 463 87 509 156
person 65 89 96 119
person 102 60 150 116
person 18 85 63 119
person 455 95 480 156
person 116 4 640 475
person 599 69 628 140
person 463 87 509 156
person 65 89 96 119
person 102 60 150 116
person 18 85 63 119
person 455 95 480 156
person 116 4 640 475
person 599 69 628 140
person 463 87 509 156
person 65 89 96 119
person 102 60 150 116
person 18 85 63 119
person 455 95 480 156
person 116 4 640 475
person 599 69 628 140
person 463 87 509 156
person 65 89 96 119
person 102 60 150 116
person 18 85 63 119
person 455 95 480 156
person 116 4 640 475
person 599 69 628 140
person 463 87 509 156
person 65 89 96 119
person 102 60 150 116
person 18 85 63 119
person 455 95 480 156
person 116 4 640 475
person 599 69 628 140
person 463 87 509 156
person 65 89 96 119
person 102 60 150 116
person 18 85 63 119
person 455 95 480 156
