person 124 222 186 334
person 465 171 523 315
person 347 261 356 273
person 308 254 354 274
person 124 222 186 334
person 465 171 523 315
person 347 261 356 273
person 308 254 354 274
person 124 222 186 334
person 465 171 523 315
person 347 261 356 273
person 308 254 354 274
person 124 222 186 334
person 465 171 523 315
person 347 261 356 273
person 308 254 354 274
person 124 222 186 334
person 465 171 523 315
person 347 261 356 273
person 308 254 354 274
person 124 222 186 334
person 465 171 523 315
person 347 261 356 273
person 308 254 354 274
