person 460 27 500 160
person 421 20 482 151
person 33 0 155 150
person 474 42 481 53
person 460 27 500 160
person 421 20 482 151
person 33 0 155 150
person 474 42 481 53
person 460 27 500 160
person 421 20 482 151
person 33 0 155 150
person 474 42 481 53
person 460 27 500 160
person 421 20 482 151
person 33 0 155 150
person 474 42 481 53
person 460 27 500 160
person 421 20 482 151
person 33 0 155 150
person 474 42 481 53
person 460 27 500 160
person 421 20 482 151
person 33 0 155 150
person 474 42 481 53
