person 55 135 195 263
person 151 137 246 264
person 434 99 597 327
person 344 125 427 327
person 284 156 337 319
person 154 85 344 338
person 55 135 195 263
person 151 137 246 264
person 434 99 597 327
person 344 125 427 327
person 284 156 337 319
person 154 85 344 338
person 55 135 195 263
person 151 137 246 264
person 434 99 597 327
person 344 125 427 327
person 284 156 337 319
person 154 85 344 338
person 55 135 195 263
person 151 137 246 264
person 434 99 597 327
person 344 125 427 327
person 284 156 337 319
person 154 85 344 338
person 55 135 195 263
person 151 137 246 264
person 434 99 597 327
person 344 125 427 327
person 284 156 337 319
person 154 85 344 338
person 55 135 195 263
person 151 137 246 264
person 434 99 597 327
person 344 125 427 327
person 284 156 337 319
person 154 85 344 338
