person 157 326 158 330
person 154 328 155 332
person 22 351 24 355
person 25 351 28 354
person 157 326 158 330
person 154 328 155 332
person 22 351 24 355
person 25 351 28 354
person 157 326 158 330
person 154 328 155 332
person 22 351 24 355
person 25 351 28 354
person 157 326 158 330
person 154 328 155 332
person 22 351 24 355
person 25 351 28 354
person 157 326 158 330
person 154 328 155 332
person 22 351 24 355
person 25 351 28 354
person 157 326 158 330
person 154 328 155 332
person 22 351 24 355
person 25 351 28 354
