person 216 177 286 257
person 493 180 559 267
person 113 220 146 314
person 0 183 22 230
person 216 177 286 257
person 493 180 559 267
person 113 220 146 314
person 0 183 22 230
person 216 177 286 257
person 493 180 559 267
person 113 220 146 314
person 0 183 22 230
person 216 177 286 257
person 493 180 559 267
person 113 220 146 314
person 0 183 22 230
person 216 177 286 257
person 493 180 559 267
person 113 220 146 314
person 0 183 22 230
person 216 177 286 257
person 493 180 559 267
person 113 220 146 314
person 0 183 22 230
