person 256 168 375 421
person 376 158 535 420
person 116 168 260 422
person 0 151 160 427
person 0 148 43 338
person 521 191 640 423
person 256 168 375 421
person 376 158 535 420
person 116 168 260 422
person 0 151 160 427
person 0 148 43 338
person 521 191 640 423
person 256 168 375 421
person 376 158 535 420
person 116 168 260 422
person 0 151 160 427
person 0 148 43 338
person 521 191 640 423
person 256 168 375 421
person 376 158 535 420
person 116 168 260 422
person 0 151 160 427
person 0 148 43 338
person 521 191 640 423
person 256 168 375 421
person 376 158 535 420
person 116 168 260 422
person 0 151 160 427
person 0 148 43 338
person 521 191 640 423
person 256 168 375 421
person 376 158 535 420
person 116 168 260 422
person 0 151 160 427
person 0 148 43 338
person 521 191 640 423
