person 486 38 561 278
person 397 44 464 262
person 430 54 462 181
person 581 0 640 154
person 519 74 639 415
person 222 200 430 480
person 422 45 448 93
person 228 98 263 194
person 17 207 413 480
person 445 145 481 232
person 486 38 561 278
person 397 44 464 262
person 430 54 462 181
person 581 0 640 154
person 519 74 639 415
person 222 200 430 480
person 422 45 448 93
person 228 98 263 194
person 17 207 413 480
person 445 145 481 232
person 486 38 561 278
person 397 44 464 262
person 430 54 462 181
person 581 0 640 154
person 519 74 639 415
person 222 200 430 480
person 422 45 448 93
person 228 98 263 194
person 17 207 413 480
person 445 145 481 232
person 486 38 561 278
person 397 44 464 262
person 430 54 462 181
person 581 0 640 154
person 519 74 639 415
person 222 200 430 480
person 422 45 448 93
person 228 98 263 194
person 17 207 413 480
person 445 145 481 232
person 486 38 561 278
person 397 44 464 262
person 430 54 462 181
person 581 0 640 154
person 519 74 639 415
person 222 200 430 480
person 422 45 448 93
person 228 98 263 194
person 17 207 413 480
person 445 145 481 232
person 486 38 561 278
person 397 44 464 262
person 430 54 462 181
person 581 0 640 154
person 519 74 639 415
person 222 200 430 480
person 422 45 448 93
person 228 98 263 194
person 17 207 413 480
person 445 145 481 232
