person 14 146 35 194
person 451 169 468 186
person 147 157 153 166
person 67 151 76 171
person 360 142 443 336
person 91 138 135 259
person 14 146 35 194
person 451 169 468 186
person 147 157 153 166
person 67 151 76 171
person 360 142 443 336
person 91 138 135 259
person 14 146 35 194
person 451 169 468 186
person 147 157 153 166
person 67 151 76 171
person 360 142 443 336
person 91 138 135 259
person 14 146 35 194
person 451 169 468 186
person 147 157 153 166
person 67 151 76 171
person 360 142 443 336
person 91 138 135 259
person 14 146 35 194
person 451 169 468 186
person 147 157 153 166
person 67 151 76 171
person 360 142 443 336
person 91 138 135 259
person 14 146 35 194
person 451 169 468 186
person 147 157 153 166
person 67 151 76 171
person 360 142 443 336
person 91 138 135 259
