person 97 85 281 280
person 43 141 132 264
person 341 173 393 282
person 230 148 296 243
person 97 85 281 280
person 43 141 132 264
person 341 173 393 282
person 230 148 296 243
person 97 85 281 280
person 43 141 132 264
person 341 173 393 282
person 230 148 296 243
person 97 85 281 280
person 43 141 132 264
person 341 173 393 282
person 230 148 296 243
person 97 85 281 280
person 43 141 132 264
person 341 173 393 282
person 230 148 296 243
person 97 85 281 280
person 43 141 132 264
person 341 173 393 282
person 230 148 296 243
