person 276 156 444 480
person 247 202 299 335
person 85 149 278 480
person 607 278 639 405
person 611 224 636 289
person 327 202 341 221
person 570 248 602 298
person 362 176 637 473
person 276 156 444 480
person 247 202 299 335
person 85 149 278 480
person 607 278 639 405
person 611 224 636 289
person 327 202 341 221
person 570 248 602 298
person 362 176 637 473
person 276 156 444 480
person 247 202 299 335
person 85 149 278 480
person 607 278 639 405
person 611 224 636 289
person 327 202 341 221
person 570 248 602 298
person 362 176 637 473
person 276 156 444 480
person 247 202 299 335
person 85 149 278 480
person 607 278 639 405
person 611 224 636 289
person 327 202 341 221
person 570 248 602 298
person 362 176 637 473
person 276 156 444 480
person 247 202 299 335
person 85 149 278 480
person 607 278 639 405
person 611 224 636 289
person 327 202 341 221
person 570 248 602 298
person 362 176 637 473
person 276 156 444 480
person 247 202 299 335
person 85 149 278 480
person 607 278 639 405
person 611 224 636 289
person 327 202 341 221
person 570 248 602 298
person 362 176 637 473
