person 303 85 315 109
person 313 75 344 129
person 408 80 432 150
person 607 84 640 139
person 283 75 307 154
person 419 82 442 152
person 336 85 347 94
person 252 79 274 169
person 390 89 408 153
person 238 85 269 166
person 303 85 315 109
person 313 75 344 129
person 408 80 432 150
person 607 84 640 139
person 283 75 307 154
person 419 82 442 152
person 336 85 347 94
person 252 79 274 169
person 390 89 408 153
person 238 85 269 166
person 303 85 315 109
person 313 75 344 129
person 408 80 432 150
person 607 84 640 139
person 283 75 307 154
person 419 82 442 152
person 336 85 347 94
person 252 79 274 169
person 390 89 408 153
person 238 85 269 166
person 303 85 315 109
person 313 75 344 129
person 408 80 432 150
person 607 84 640 139
person 283 75 307 154
person 419 82 442 152
person 336 85 347 94
person 252 79 274 169
person 390 89 408 153
person 238 85 269 166
person 303 85 315 109
person 313 75 344 129
person 408 80 432 150
person 607 84 640 139
person 283 75 307 154
person 419 82 442 152
person 336 85 347 94
person 252 79 274 169
person 390 89 408 153
person 238 85 269 166
person 303 85 315 109
person 313 75 344 129
person 408 80 432 150
person 607 84 640 139
person 283 75 307 154
person 419 82 442 152
person 336 85 347 94
person 252 79 274 169
person 390 89 408 153
person 238 85 269 166
