person 0 48 129 369
person 99 61 204 375
person 150 97 287 375
person 245 64 363 370
person 297 11 430 367
person 52 0 500 370
person 0 48 129 369
person 99 61 204 375
person 150 97 287 375
person 245 64 363 370
person 297 11 430 367
person 52 0 500 370
person 0 48 129 369
person 99 61 204 375
person 150 97 287 375
person 245 64 363 370
person 297 11 430 367
person 52 0 500 370
person 0 48 129 369
person 99 61 204 375
person 150 97 287 375
person 245 64 363 370
person 297 11 430 367
person 52 0 500 370
person 0 48 129 369
person 99 61 204 375
person 150 97 287 375
person 245 64 363 370
person 297 11 430 367
person 52 0 500 370
person 0 48 129 369
person 99 61 204 375
person 150 97 287 375
person 245 64 363 370
person 297 11 430 367
person 52 0 500 370
