person 238 65 327 370
person 316 80 371 347
person 399 161 409 182
person 409 161 417 175
person 390 159 405 183
person 238 65 327 370
person 316 80 371 347
person 399 161 409 182
person 409 161 417 175
person 390 159 405 183
person 238 65 327 370
person 316 80 371 347
person 399 161 409 182
person 409 161 417 175
person 390 159 405 183
person 238 65 327 370
person 316 80 371 347
person 399 161 409 182
person 409 161 417 175
person 390 159 405 183
person 238 65 327 370
person 316 80 371 347
person 399 161 409 182
person 409 161 417 175
person 390 159 405 183
person 238 65 327 370
person 316 80 371 347
person 399 161 409 182
person 409 161 417 175
person 390 159 405 183
