person 247 375 271 436
person 482 380 509 432
person 520 372 550 433
person 549 373 569 435
person 408 301 420 309
person 247 375 271 436
person 482 380 509 432
person 520 372 550 433
person 549 373 569 435
person 408 301 420 309
person 247 375 271 436
person 482 380 509 432
person 520 372 550 433
person 549 373 569 435
person 408 301 420 309
person 247 375 271 436
person 482 380 509 432
person 520 372 550 433
person 549 373 569 435
person 408 301 420 309
person 247 375 271 436
person 482 380 509 432
person 520 372 550 433
person 549 373 569 435
person 408 301 420 309
person 247 375 271 436
person 482 380 509 432
person 520 372 550 433
person 549 373 569 435
person 408 301 420 309
