person 126 257 189 429
person 61 286 261 569
person 315 251 419 402
person 343 275 505 577
person 171 236 195 267
person 268 240 313 295
person 423 242 485 347
person 153 253 215 378
person 239 249 278 291
person 213 252 263 305
person 321 230 348 258
person 105 255 137 292
person 309 247 339 321
person 126 257 189 429
person 61 286 261 569
person 315 251 419 402
person 343 275 505 577
person 171 236 195 267
person 268 240 313 295
person 423 242 485 347
person 153 253 215 378
person 239 249 278 291
person 213 252 263 305
person 321 230 348 258
person 105 255 137 292
person 309 247 339 321
person 126 257 189 429
person 61 286 261 569
person 315 251 419 402
person 343 275 505 577
person 171 236 195 267
person 268 240 313 295
person 423 242 485 347
person 153 253 215 378
person 239 249 278 291
person 213 252 263 305
person 321 230 348 258
person 105 255 137 292
person 309 247 339 321
person 126 257 189 429
person 61 286 261 569
person 315 251 419 402
person 343 275 505 577
person 171 236 195 267
person 268 240 313 295
person 423 242 485 347
person 153 253 215 378
person 239 249 278 291
person 213 252 263 305
person 321 230 348 258
person 105 255 137 292
person 309 247 339 321
person 126 257 189 429
person 61 286 261 569
person 315 251 419 402
person 343 275 505 577
person 171 236 195 267
person 268 240 313 295
person 423 242 485 347
person 153 253 215 378
person 239 249 278 291
person 213 252 263 305
person 321 230 348 258
person 105 255 137 292
person 309 247 339 321
person 126 257 189 429
person 61 286 261 569
person 315 251 419 402
person 343 275 505 577
person 171 236 195 267
person 268 240 313 295
person 423 242 485 347
person 153 253 215 378
person 239 249 278 291
person 213 252 263 305
person 321 230 348 258
person 105 255 137 292
person 309 247 339 321
