person 118 514 130 543
person 144 513 152 539
person 152 516 160 539
person 183 515 191 533
person 166 516 174 542
person 388 517 394 527
person 157 518 163 541
person 118 514 130 543
person 144 513 152 539
person 152 516 160 539
person 183 515 191 533
person 166 516 174 542
person 388 517 394 527
person 157 518 163 541
person 118 514 130 543
person 144 513 152 539
person 152 516 160 539
person 183 515 191 533
person 166 516 174 542
person 388 517 394 527
person 157 518 163 541
person 118 514 130 543
person 144 513 152 539
person 152 516 160 539
person 183 515 191 533
person 166 516 174 542
person 388 517 394 527
person 157 518 163 541
person 118 514 130 543
person 144 513 152 539
person 152 516 160 539
person 183 515 191 533
person 166 516 174 542
person 388 517 394 527
person 157 518 163 541
person 118 514 130 543
person 144 513 152 539
person 152 516 160 539
person 183 515 191 533
person 166 516 174 542
person 388 517 394 527
person 157 518 163 541
