person 446 157 552 358
person 409 156 430 168
person 588 139 640 306
person 594 348 640 471
person 446 157 552 358
person 409 156 430 168
person 588 139 640 306
person 594 348 640 471
person 446 157 552 358
person 409 156 430 168
person 588 139 640 306
person 594 348 640 471
person 446 157 552 358
person 409 156 430 168
person 588 139 640 306
person 594 348 640 471
person 446 157 552 358
person 409 156 430 168
person 588 139 640 306
person 594 348 640 471
person 446 157 552 358
person 409 156 430 168
person 588 139 640 306
person 594 348 640 471
