person 114 98 146 190
person 42 97 85 216
person 204 105 222 145
person 232 107 242 143
person 256 107 263 124
person 221 109 230 133
person 458 94 480 168
person 242 108 254 140
person 228 108 233 131
person 468 138 500 168
person 238 114 243 130
person 327 122 389 306
person 114 98 146 190
person 42 97 85 216
person 204 105 222 145
person 232 107 242 143
person 256 107 263 124
person 221 109 230 133
person 458 94 480 168
person 242 108 254 140
person 228 108 233 131
person 468 138 500 168
person 238 114 243 130
person 327 122 389 306
person 114 98 146 190
person 42 97 85 216
person 204 105 222 145
person 232 107 242 143
person 256 107 263 124
person 221 109 230 133
person 458 94 480 168
person 242 108 254 140
person 228 108 233 131
person 468 138 500 168
person 238 114 243 130
person 327 122 389 306
person 114 98 146 190
person 42 97 85 216
person 204 105 222 145
person 232 107 242 143
person 256 107 263 124
person 221 109 230 133
person 458 94 480 168
person 242 108 254 140
person 228 108 233 131
person 468 138 500 168
person 238 114 243 130
person 327 122 389 306
person 114 98 146 190
person 42 97 85 216
person 204 105 222 145
person 232 107 242 143
person 256 107 263 124
person 221 109 230 133
person 458 94 480 168
person 242 108 254 140
person 228 108 233 131
person 468 138 500 168
person 238 114 243 130
person 327 122 389 306
person 114 98 146 190
person 42 97 85 216
person 204 105 222 145
person 232 107 242 143
person 256 107 263 124
person 221 109 230 133
person 458 94 480 168
person 242 108 254 140
person 228 108 233 131
person 468 138 500 168
person 238 114 243 130
person 327 122 389 306
