person 326 90 500 428
person 138 116 338 422
person 265 116 409 421
person 499 134 640 426
person 0 179 175 420
person 326 90 500 428
person 138 116 338 422
person 265 116 409 421
person 499 134 640 426
person 0 179 175 420
person 326 90 500 428
person 138 116 338 422
person 265 116 409 421
person 499 134 640 426
person 0 179 175 420
person 326 90 500 428
person 138 116 338 422
person 265 116 409 421
person 499 134 640 426
person 0 179 175 420
person 326 90 500 428
person 138 116 338 422
person 265 116 409 421
person 499 134 640 426
person 0 179 175 420
person 326 90 500 428
person 138 116 338 422
person 265 116 409 421
person 499 134 640 426
person 0 179 175 420
