person 106 108 238 469
person 42 130 78 239
person 88 126 125 272
person 109 133 139 218
person 225 114 246 280
person 359 194 501 474
person 77 142 99 219
person 0 143 10 162
person 546 140 640 420
person 0 209 14 332
person 5 124 49 280
person 213 167 238 254
person 0 133 22 229
person 106 108 238 469
person 42 130 78 239
person 88 126 125 272
person 109 133 139 218
person 225 114 246 280
person 359 194 501 474
person 77 142 99 219
person 0 143 10 162
person 546 140 640 420
person 0 209 14 332
person 5 124 49 280
person 213 167 238 254
person 0 133 22 229
person 106 108 238 469
person 42 130 78 239
person 88 126 125 272
person 109 133 139 218
person 225 114 246 280
person 359 194 501 474
person 77 142 99 219
person 0 143 10 162
person 546 140 640 420
person 0 209 14 332
person 5 124 49 280
person 213 167 238 254
person 0 133 22 229
person 106 108 238 469
person 42 130 78 239
person 88 126 125 272
person 109 133 139 218
person 225 114 246 280
person 359 194 501 474
person 77 142 99 219
person 0 143 10 162
person 546 140 640 420
person 0 209 14 332
person 5 124 49 280
person 213 167 238 254
person 0 133 22 229
person 106 108 238 469
person 42 130 78 239
person 88 126 125 272
person 109 133 139 218
person 225 114 246 280
person 359 194 501 474
person 77 142 99 219
person 0 143 10 162
person 546 140 640 420
person 0 209 14 332
person 5 124 49 280
person 213 167 238 254
person 0 133 22 229
person 106 108 238 469
person 42 130 78 239
person 88 126 125 272
person 109 133 139 218
person 225 114 246 280
person 359 194 501 474
person 77 142 99 219
person 0 143 10 162
person 546 140 640 420
person 0 209 14 332
person 5 124 49 280
person 213 167 238 254
person 0 133 22 229
