person 446 331 507 411
person 494 331 578 410
person 1 360 54 415
person 277 371 310 409
person 597 338 640 410
person 4 311 20 317
person 0 340 22 408
person 354 366 398 409
person 446 331 507 411
person 494 331 578 410
person 1 360 54 415
person 277 371 310 409
person 597 338 640 410
person 4 311 20 317
person 0 340 22 408
person 354 366 398 409
person 446 331 507 411
person 494 331 578 410
person 1 360 54 415
person 277 371 310 409
person 597 338 640 410
person 4 311 20 317
person 0 340 22 408
person 354 366 398 409
person 446 331 507 411
person 494 331 578 410
person 1 360 54 415
person 277 371 310 409
person 597 338 640 410
person 4 311 20 317
person 0 340 22 408
person 354 366 398 409
person 446 331 507 411
person 494 331 578 410
person 1 360 54 415
person 277 371 310 409
person 597 338 640 410
person 4 311 20 317
person 0 340 22 408
person 354 366 398 409
person 446 331 507 411
person 494 331 578 410
person 1 360 54 415
person 277 371 310 409
person 597 338 640 410
person 4 311 20 317
person 0 340 22 408
person 354 366 398 409
