person 251 41 617 640
person 1 258 95 638
person 90 71 258 234
person 0 49 92 223
person 224 94 303 226
person 106 38 159 98
person 185 49 229 132
person 239 43 300 97
person 294 94 356 228
person 202 72 272 159
person 68 54 109 207
person 251 41 617 640
person 1 258 95 638
person 90 71 258 234
person 0 49 92 223
person 224 94 303 226
person 106 38 159 98
person 185 49 229 132
person 239 43 300 97
person 294 94 356 228
person 202 72 272 159
person 68 54 109 207
person 251 41 617 640
person 1 258 95 638
person 90 71 258 234
person 0 49 92 223
person 224 94 303 226
person 106 38 159 98
person 185 49 229 132
person 239 43 300 97
person 294 94 356 228
person 202 72 272 159
person 68 54 109 207
person 251 41 617 640
person 1 258 95 638
person 90 71 258 234
person 0 49 92 223
person 224 94 303 226
person 106 38 159 98
person 185 49 229 132
person 239 43 300 97
person 294 94 356 228
person 202 72 272 159
person 68 54 109 207
person 251 41 617 640
person 1 258 95 638
person 90 71 258 234
person 0 49 92 223
person 224 94 303 226
person 106 38 159 98
person 185 49 229 132
person 239 43 300 97
person 294 94 356 228
person 202 72 272 159
person 68 54 109 207
person 251 41 617 640
person 1 258 95 638
person 90 71 258 234
person 0 49 92 223
person 224 94 303 226
person 106 38 159 98
person 185 49 229 132
person 239 43 300 97
person 294 94 356 228
person 202 72 272 159
person 68 54 109 207
