person 265 431 310 542
person 254 431 267 469
person 240 430 250 469
person 234 433 241 457
person 214 431 227 467
person 248 430 259 456
person 223 432 232 459
person 265 431 310 542
person 254 431 267 469
person 240 430 250 469
person 234 433 241 457
person 214 431 227 467
person 248 430 259 456
person 223 432 232 459
person 265 431 310 542
person 254 431 267 469
person 240 430 250 469
person 234 433 241 457
person 214 431 227 467
person 248 430 259 456
person 223 432 232 459
person 265 431 310 542
person 254 431 267 469
person 240 430 250 469
person 234 433 241 457
person 214 431 227 467
person 248 430 259 456
person 223 432 232 459
person 265 431 310 542
person 254 431 267 469
person 240 430 250 469
person 234 433 241 457
person 214 431 227 467
person 248 430 259 456
person 223 432 232 459
person 265 431 310 542
person 254 431 267 469
person 240 430 250 469
person 234 433 241 457
person 214 431 227 467
person 248 430 259 456
person 223 432 232 459
