person 360 165 489 372
person 110 153 159 289
person 586 182 598 234
person 545 182 555 231
person 613 175 627 236
person 3 171 45 323
person 547 173 557 191
person 360 165 489 372
person 110 153 159 289
person 586 182 598 234
person 545 182 555 231
person 613 175 627 236
person 3 171 45 323
person 547 173 557 191
person 360 165 489 372
person 110 153 159 289
person 586 182 598 234
person 545 182 555 231
person 613 175 627 236
person 3 171 45 323
person 547 173 557 191
person 360 165 489 372
person 110 153 159 289
person 586 182 598 234
person 545 182 555 231
person 613 175 627 236
person 3 171 45 323
person 547 173 557 191
person 360 165 489 372
person 110 153 159 289
person 586 182 598 234
person 545 182 555 231
person 613 175 627 236
person 3 171 45 323
person 547 173 557 191
person 360 165 489 372
person 110 153 159 289
person 586 182 598 234
person 545 182 555 231
person 613 175 627 236
person 3 171 45 323
person 547 173 557 191
