person 418 37 543 410
person 352 45 444 399
person 256 54 403 382
person 61 102 170 392
person 105 70 354 401
person 418 37 543 410
person 352 45 444 399
person 256 54 403 382
person 61 102 170 392
person 105 70 354 401
person 418 37 543 410
person 352 45 444 399
person 256 54 403 382
person 61 102 170 392
person 105 70 354 401
person 418 37 543 410
person 352 45 444 399
person 256 54 403 382
person 61 102 170 392
person 105 70 354 401
person 418 37 543 410
person 352 45 444 399
person 256 54 403 382
person 61 102 170 392
person 105 70 354 401
person 418 37 543 410
person 352 45 444 399
person 256 54 403 382
person 61 102 170 392
person 105 70 354 401
