person 56 430 327 629
person 258 485 427 630
person 2 44 375 542
person 294 445 326 514
person 13 531 63 597
person 56 430 327 629
person 258 485 427 630
person 2 44 375 542
person 294 445 326 514
person 13 531 63 597
person 56 430 327 629
person 258 485 427 630
person 2 44 375 542
person 294 445 326 514
person 13 531 63 597
person 56 430 327 629
person 258 485 427 630
person 2 44 375 542
person 294 445 326 514
person 13 531 63 597
person 56 430 327 629
person 258 485 427 630
person 2 44 375 542
person 294 445 326 514
person 13 531 63 597
person 56 430 327 629
person 258 485 427 630
person 2 44 375 542
person 294 445 326 514
person 13 531 63 597
