person 306 28 409 284
person 244 104 343 270
person 370 66 565 364
person 544 23 640 399
person 157 69 216 239
person 0 90 87 227
person 8 60 94 169
person 148 75 192 241
person 0 125 15 283
person 36 55 230 416
person 306 28 409 284
person 244 104 343 270
person 370 66 565 364
person 544 23 640 399
person 157 69 216 239
person 0 90 87 227
person 8 60 94 169
person 148 75 192 241
person 0 125 15 283
person 36 55 230 416
person 306 28 409 284
person 244 104 343 270
person 370 66 565 364
person 544 23 640 399
person 157 69 216 239
person 0 90 87 227
person 8 60 94 169
person 148 75 192 241
person 0 125 15 283
person 36 55 230 416
person 306 28 409 284
person 244 104 343 270
person 370 66 565 364
person 544 23 640 399
person 157 69 216 239
person 0 90 87 227
person 8 60 94 169
person 148 75 192 241
person 0 125 15 283
person 36 55 230 416
person 306 28 409 284
person 244 104 343 270
person 370 66 565 364
person 544 23 640 399
person 157 69 216 239
person 0 90 87 227
person 8 60 94 169
person 148 75 192 241
person 0 125 15 283
person 36 55 230 416
person 306 28 409 284
person 244 104 343 270
person 370 66 565 364
person 544 23 640 399
person 157 69 216 239
person 0 90 87 227
person 8 60 94 169
person 148 75 192 241
person 0 125 15 283
person 36 55 230 416
