person 125 25 348 328
person 65 188 88 229
person 384 176 403 222
person 330 178 342 204
person 309 170 330 235
person 351 175 363 208
person 365 185 377 209
person 125 25 348 328
person 65 188 88 229
person 384 176 403 222
person 330 178 342 204
person 309 170 330 235
person 351 175 363 208
person 365 185 377 209
person 125 25 348 328
person 65 188 88 229
person 384 176 403 222
person 330 178 342 204
person 309 170 330 235
person 351 175 363 208
person 365 185 377 209
person 125 25 348 328
person 65 188 88 229
person 384 176 403 222
person 330 178 342 204
person 309 170 330 235
person 351 175 363 208
person 365 185 377 209
person 125 25 348 328
person 65 188 88 229
person 384 176 403 222
person 330 178 342 204
person 309 170 330 235
person 351 175 363 208
person 365 185 377 209
person 125 25 348 328
person 65 188 88 229
person 384 176 403 222
person 330 178 342 204
person 309 170 330 235
person 351 175 363 208
person 365 185 377 209
