person 129 134 145 169
person 168 0 336 187
person 311 1 385 175
person 273 0 321 118
person 171 111 200 190
person 146 113 169 178
person 362 0 460 187
person 129 134 145 169
person 168 0 336 187
person 311 1 385 175
person 273 0 321 118
person 171 111 200 190
person 146 113 169 178
person 362 0 460 187
person 129 134 145 169
person 168 0 336 187
person 311 1 385 175
person 273 0 321 118
person 171 111 200 190
person 146 113 169 178
person 362 0 460 187
person 129 134 145 169
person 168 0 336 187
person 311 1 385 175
person 273 0 321 118
person 171 111 200 190
person 146 113 169 178
person 362 0 460 187
person 129 134 145 169
person 168 0 336 187
person 311 1 385 175
person 273 0 321 118
person 171 111 200 190
person 146 113 169 178
person 362 0 460 187
person 129 134 145 169
person 168 0 336 187
person 311 1 385 175
person 273 0 321 118
person 171 111 200 190
person 146 113 169 178
person 362 0 460 187
