person 333 148 461 350
person 481 74 600 361
person 306 147 377 254
person 436 81 529 282
person 576 0 640 111
person 240 196 298 254
person 596 94 639 238
person 281 197 314 255
person 16 9 181 365
person 584 62 618 239
person 333 148 461 350
person 481 74 600 361
person 306 147 377 254
person 436 81 529 282
person 576 0 640 111
person 240 196 298 254
person 596 94 639 238
person 281 197 314 255
person 16 9 181 365
person 584 62 618 239
person 333 148 461 350
person 481 74 600 361
person 306 147 377 254
person 436 81 529 282
person 576 0 640 111
person 240 196 298 254
person 596 94 639 238
person 281 197 314 255
person 16 9 181 365
person 584 62 618 239
person 333 148 461 350
person 481 74 600 361
person 306 147 377 254
person 436 81 529 282
person 576 0 640 111
person 240 196 298 254
person 596 94 639 238
person 281 197 314 255
person 16 9 181 365
person 584 62 618 239
person 333 148 461 350
person 481 74 600 361
person 306 147 377 254
person 436 81 529 282
person 576 0 640 111
person 240 196 298 254
person 596 94 639 238
person 281 197 314 255
person 16 9 181 365
person 584 62 618 239
person 333 148 461 350
person 481 74 600 361
person 306 147 377 254
person 436 81 529 282
person 576 0 640 111
person 240 196 298 254
person 596 94 639 238
person 281 197 314 255
person 16 9 181 365
person 584 62 618 239
