person 146 110 409 415
person 151 424 178 479
person 191 425 206 464
person 126 427 155 475
person 146 110 409 415
person 151 424 178 479
person 191 425 206 464
person 126 427 155 475
person 146 110 409 415
person 151 424 178 479
person 191 425 206 464
person 126 427 155 475
person 146 110 409 415
person 151 424 178 479
person 191 425 206 464
person 126 427 155 475
person 146 110 409 415
person 151 424 178 479
person 191 425 206 464
person 126 427 155 475
person 146 110 409 415
person 151 424 178 479
person 191 425 206 464
person 126 427 155 475
