person 421 345 460 480
person 537 415 583 480
person 601 432 639 479
person 147 358 189 480
person 379 341 437 454
person 506 392 538 480
person 115 377 124 390
person 220 338 236 358
person 421 345 460 480
person 537 415 583 480
person 601 432 639 479
person 147 358 189 480
person 379 341 437 454
person 506 392 538 480
person 115 377 124 390
person 220 338 236 358
person 421 345 460 480
person 537 415 583 480
person 601 432 639 479
person 147 358 189 480
person 379 341 437 454
person 506 392 538 480
person 115 377 124 390
person 220 338 236 358
person 421 345 460 480
person 537 415 583 480
person 601 432 639 479
person 147 358 189 480
person 379 341 437 454
person 506 392 538 480
person 115 377 124 390
person 220 338 236 358
person 421 345 460 480
person 537 415 583 480
person 601 432 639 479
person 147 358 189 480
person 379 341 437 454
person 506 392 538 480
person 115 377 124 390
person 220 338 236 358
person 421 345 460 480
person 537 415 583 480
person 601 432 639 479
person 147 358 189 480
person 379 341 437 454
person 506 392 538 480
person 115 377 124 390
person 220 338 236 358
