person 349 202 406 342
person 318 220 324 232
person 176 218 182 231
person 158 216 161 224
person 349 202 406 342
person 318 220 324 232
person 176 218 182 231
person 158 216 161 224
person 349 202 406 342
person 318 220 324 232
person 176 218 182 231
person 158 216 161 224
person 349 202 406 342
person 318 220 324 232
person 176 218 182 231
person 158 216 161 224
person 349 202 406 342
person 318 220 324 232
person 176 218 182 231
person 158 216 161 224
person 349 202 406 342
person 318 220 324 232
person 176 218 182 231
person 158 216 161 224
