person 14 5 283 370
person 316 129 549 366
person 266 157 372 357
person 186 376 336 583
person 376 374 473 499
person 2 376 63 448
person 454 374 550 522
person 14 5 283 370
person 316 129 549 366
person 266 157 372 357
person 186 376 336 583
person 376 374 473 499
person 2 376 63 448
person 454 374 550 522
person 14 5 283 370
person 316 129 549 366
person 266 157 372 357
person 186 376 336 583
person 376 374 473 499
person 2 376 63 448
person 454 374 550 522
person 14 5 283 370
person 316 129 549 366
person 266 157 372 357
person 186 376 336 583
person 376 374 473 499
person 2 376 63 448
person 454 374 550 522
person 14 5 283 370
person 316 129 549 366
person 266 157 372 357
person 186 376 336 583
person 376 374 473 499
person 2 376 63 448
person 454 374 550 522
person 14 5 283 370
person 316 129 549 366
person 266 157 372 357
person 186 376 336 583
person 376 374 473 499
person 2 376 63 448
person 454 374 550 522
