person 403 225 496 415
person 108 225 192 381
person 361 249 412 328
person 586 277 612 333
person 403 225 496 415
person 108 225 192 381
person 361 249 412 328
person 586 277 612 333
person 403 225 496 415
person 108 225 192 381
person 361 249 412 328
person 586 277 612 333
person 403 225 496 415
person 108 225 192 381
person 361 249 412 328
person 586 277 612 333
person 403 225 496 415
person 108 225 192 381
person 361 249 412 328
person 586 277 612 333
person 403 225 496 415
person 108 225 192 381
person 361 249 412 328
person 586 277 612 333
