person 314 336 326 369
person 413 335 433 375
person 518 325 522 333
person 291 334 306 367
person 314 336 326 369
person 413 335 433 375
person 518 325 522 333
person 291 334 306 367
person 314 336 326 369
person 413 335 433 375
person 518 325 522 333
person 291 334 306 367
person 314 336 326 369
person 413 335 433 375
person 518 325 522 333
person 291 334 306 367
person 314 336 326 369
person 413 335 433 375
person 518 325 522 333
person 291 334 306 367
person 314 336 326 369
person 413 335 433 375
person 518 325 522 333
person 291 334 306 367
