person 81 277 95 321
person 108 307 139 338
person 451 214 469 269
person 68 309 97 346
person 46 317 71 341
person 63 313 76 338
person 81 277 95 321
person 108 307 139 338
person 451 214 469 269
person 68 309 97 346
person 46 317 71 341
person 63 313 76 338
person 81 277 95 321
person 108 307 139 338
person 451 214 469 269
person 68 309 97 346
person 46 317 71 341
person 63 313 76 338
person 81 277 95 321
person 108 307 139 338
person 451 214 469 269
person 68 309 97 346
person 46 317 71 341
person 63 313 76 338
person 81 277 95 321
person 108 307 139 338
person 451 214 469 269
person 68 309 97 346
person 46 317 71 341
person 63 313 76 338
person 81 277 95 321
person 108 307 139 338
person 451 214 469 269
person 68 309 97 346
person 46 317 71 341
person 63 313 76 338
