person 451 207 512 397
person 445 281 455 304
person 553 295 559 305
person 568 292 576 306
person 285 277 297 305
person 451 207 512 397
person 445 281 455 304
person 553 295 559 305
person 568 292 576 306
person 285 277 297 305
person 451 207 512 397
person 445 281 455 304
person 553 295 559 305
person 568 292 576 306
person 285 277 297 305
person 451 207 512 397
person 445 281 455 304
person 553 295 559 305
person 568 292 576 306
person 285 277 297 305
person 451 207 512 397
person 445 281 455 304
person 553 295 559 305
person 568 292 576 306
person 285 277 297 305
person 451 207 512 397
person 445 281 455 304
person 553 295 559 305
person 568 292 576 306
person 285 277 297 305
