person 380 276 453 480
person 347 128 394 334
person 443 184 588 479
person 543 144 623 318
person 580 221 639 474
person 542 95 584 188
person 570 81 636 214
person 626 192 640 229
person 380 276 453 480
person 347 128 394 334
person 443 184 588 479
person 543 144 623 318
person 580 221 639 474
person 542 95 584 188
person 570 81 636 214
person 626 192 640 229
person 380 276 453 480
person 347 128 394 334
person 443 184 588 479
person 543 144 623 318
person 580 221 639 474
person 542 95 584 188
person 570 81 636 214
person 626 192 640 229
person 380 276 453 480
person 347 128 394 334
person 443 184 588 479
person 543 144 623 318
person 580 221 639 474
person 542 95 584 188
person 570 81 636 214
person 626 192 640 229
person 380 276 453 480
person 347 128 394 334
person 443 184 588 479
person 543 144 623 318
person 580 221 639 474
person 542 95 584 188
person 570 81 636 214
person 626 192 640 229
person 380 276 453 480
person 347 128 394 334
person 443 184 588 479
person 543 144 623 318
person 580 221 639 474
person 542 95 584 188
person 570 81 636 214
person 626 192 640 229
