person 319 85 487 325
person 371 104 390 151
person 336 101 352 139
person 325 103 348 162
person 471 102 493 164
person 182 106 202 159
person 159 107 173 154
person 295 98 319 159
person 50 104 69 169
person 106 119 134 167
person 11 102 28 168
person 28 109 44 167
person 370 87 377 102
person 319 85 487 325
person 371 104 390 151
person 336 101 352 139
person 325 103 348 162
person 471 102 493 164
person 182 106 202 159
person 159 107 173 154
person 295 98 319 159
person 50 104 69 169
person 106 119 134 167
person 11 102 28 168
person 28 109 44 167
person 370 87 377 102
person 319 85 487 325
person 371 104 390 151
person 336 101 352 139
person 325 103 348 162
person 471 102 493 164
person 182 106 202 159
person 159 107 173 154
person 295 98 319 159
person 50 104 69 169
person 106 119 134 167
person 11 102 28 168
person 28 109 44 167
person 370 87 377 102
person 319 85 487 325
person 371 104 390 151
person 336 101 352 139
person 325 103 348 162
person 471 102 493 164
person 182 106 202 159
person 159 107 173 154
person 295 98 319 159
person 50 104 69 169
person 106 119 134 167
person 11 102 28 168
person 28 109 44 167
person 370 87 377 102
person 319 85 487 325
person 371 104 390 151
person 336 101 352 139
person 325 103 348 162
person 471 102 493 164
person 182 106 202 159
person 159 107 173 154
person 295 98 319 159
person 50 104 69 169
person 106 119 134 167
person 11 102 28 168
person 28 109 44 167
person 370 87 377 102
person 319 85 487 325
person 371 104 390 151
person 336 101 352 139
person 325 103 348 162
person 471 102 493 164
person 182 106 202 159
person 159 107 173 154
person 295 98 319 159
person 50 104 69 169
person 106 119 134 167
person 11 102 28 168
person 28 109 44 167
person 370 87 377 102
