person 218 99 612 560
person 583 293 635 528
person 0 252 109 573
person 548 274 586 311
person 39 1 291 564
person 218 99 612 560
person 583 293 635 528
person 0 252 109 573
person 548 274 586 311
person 39 1 291 564
person 218 99 612 560
person 583 293 635 528
person 0 252 109 573
person 548 274 586 311
person 39 1 291 564
person 218 99 612 560
person 583 293 635 528
person 0 252 109 573
person 548 274 586 311
person 39 1 291 564
person 218 99 612 560
person 583 293 635 528
person 0 252 109 573
person 548 274 586 311
person 39 1 291 564
person 218 99 612 560
person 583 293 635 528
person 0 252 109 573
person 548 274 586 311
person 39 1 291 564
