person 344 224 424 371
person 48 199 173 264
person 302 200 409 240
person 7 259 21 282
person 344 224 424 371
person 48 199 173 264
person 302 200 409 240
person 7 259 21 282
person 344 224 424 371
person 48 199 173 264
person 302 200 409 240
person 7 259 21 282
person 344 224 424 371
person 48 199 173 264
person 302 200 409 240
person 7 259 21 282
person 344 224 424 371
person 48 199 173 264
person 302 200 409 240
person 7 259 21 282
person 344 224 424 371
person 48 199 173 264
person 302 200 409 240
person 7 259 21 282
