person 56 110 301 499
person 212 100 330 226
person 241 101 262 158
person 0 188 83 306
person 56 110 301 499
person 212 100 330 226
person 241 101 262 158
person 0 188 83 306
person 56 110 301 499
person 212 100 330 226
person 241 101 262 158
person 0 188 83 306
person 56 110 301 499
person 212 100 330 226
person 241 101 262 158
person 0 188 83 306
person 56 110 301 499
person 212 100 330 226
person 241 101 262 158
person 0 188 83 306
person 56 110 301 499
person 212 100 330 226
person 241 101 262 158
person 0 188 83 306
