person 244 181 369 411
person 425 184 538 369
person 517 141 611 377
person 143 187 235 371
person 51 105 163 425
person 244 181 369 411
person 425 184 538 369
person 517 141 611 377
person 143 187 235 371
person 51 105 163 425
person 244 181 369 411
person 425 184 538 369
person 517 141 611 377
person 143 187 235 371
person 51 105 163 425
person 244 181 369 411
person 425 184 538 369
person 517 141 611 377
person 143 187 235 371
person 51 105 163 425
person 244 181 369 411
person 425 184 538 369
person 517 141 611 377
person 143 187 235 371
person 51 105 163 425
person 244 181 369 411
person 425 184 538 369
person 517 141 611 377
person 143 187 235 371
person 51 105 163 425
