person 298 204 309 223
person 284 205 297 221
person 515 217 527 245
person 254 41 379 178
person 298 204 309 223
person 284 205 297 221
person 515 217 527 245
person 254 41 379 178
person 298 204 309 223
person 284 205 297 221
person 515 217 527 245
person 254 41 379 178
person 298 204 309 223
person 284 205 297 221
person 515 217 527 245
person 254 41 379 178
person 298 204 309 223
person 284 205 297 221
person 515 217 527 245
person 254 41 379 178
person 298 204 309 223
person 284 205 297 221
person 515 217 527 245
person 254 41 379 178
