person 386 357 393 370
person 522 414 531 439
person 377 350 383 363
person 180 441 194 464
person 407 332 412 345
person 395 322 398 334
person 386 357 393 370
person 522 414 531 439
person 377 350 383 363
person 180 441 194 464
person 407 332 412 345
person 395 322 398 334
person 386 357 393 370
person 522 414 531 439
person 377 350 383 363
person 180 441 194 464
person 407 332 412 345
person 395 322 398 334
person 386 357 393 370
person 522 414 531 439
person 377 350 383 363
person 180 441 194 464
person 407 332 412 345
person 395 322 398 334
person 386 357 393 370
person 522 414 531 439
person 377 350 383 363
person 180 441 194 464
person 407 332 412 345
person 395 322 398 334
person 386 357 393 370
person 522 414 531 439
person 377 350 383 363
person 180 441 194 464
person 407 332 412 345
person 395 322 398 334
