person 491 160 539 221
person 267 60 407 320
person 382 90 443 216
person 480 185 601 307
person 603 181 640 319
person 20 65 248 414
person 601 181 639 269
person 491 160 539 221
person 267 60 407 320
person 382 90 443 216
person 480 185 601 307
person 603 181 640 319
person 20 65 248 414
person 601 181 639 269
person 491 160 539 221
person 267 60 407 320
person 382 90 443 216
person 480 185 601 307
person 603 181 640 319
person 20 65 248 414
person 601 181 639 269
person 491 160 539 221
person 267 60 407 320
person 382 90 443 216
person 480 185 601 307
person 603 181 640 319
person 20 65 248 414
person 601 181 639 269
person 491 160 539 221
person 267 60 407 320
person 382 90 443 216
person 480 185 601 307
person 603 181 640 319
person 20 65 248 414
person 601 181 639 269
person 491 160 539 221
person 267 60 407 320
person 382 90 443 216
person 480 185 601 307
person 603 181 640 319
person 20 65 248 414
person 601 181 639 269
