person 629 120 639 142
person 409 175 422 196
person 524 127 531 138
person 402 133 408 149
person 373 140 386 152
person 186 145 203 164
person 629 120 639 142
person 409 175 422 196
person 524 127 531 138
person 402 133 408 149
person 373 140 386 152
person 186 145 203 164
person 629 120 639 142
person 409 175 422 196
person 524 127 531 138
person 402 133 408 149
person 373 140 386 152
person 186 145 203 164
person 629 120 639 142
person 409 175 422 196
person 524 127 531 138
person 402 133 408 149
person 373 140 386 152
person 186 145 203 164
person 629 120 639 142
person 409 175 422 196
person 524 127 531 138
person 402 133 408 149
person 373 140 386 152
person 186 145 203 164
person 629 120 639 142
person 409 175 422 196
person 524 127 531 138
person 402 133 408 149
person 373 140 386 152
person 186 145 203 164
