person 495 68 512 121
person 521 68 534 123
person 303 93 421 256
person 513 67 524 120
person 495 68 512 121
person 521 68 534 123
person 303 93 421 256
person 513 67 524 120
person 495 68 512 121
person 521 68 534 123
person 303 93 421 256
person 513 67 524 120
person 495 68 512 121
person 521 68 534 123
person 303 93 421 256
person 513 67 524 120
person 495 68 512 121
person 521 68 534 123
person 303 93 421 256
person 513 67 524 120
person 495 68 512 121
person 521 68 534 123
person 303 93 421 256
person 513 67 524 120
