person 13 56 250 473
person 153 116 275 346
person 291 106 487 480
person 340 71 639 474
person 236 114 338 480
person 216 134 274 242
person 119 142 159 190
person 579 146 614 191
person 552 139 580 187
person 396 156 425 196
person 607 148 640 197
person 415 171 467 210
person 13 56 250 473
person 153 116 275 346
person 291 106 487 480
person 340 71 639 474
person 236 114 338 480
person 216 134 274 242
person 119 142 159 190
person 579 146 614 191
person 552 139 580 187
person 396 156 425 196
person 607 148 640 197
person 415 171 467 210
person 13 56 250 473
person 153 116 275 346
person 291 106 487 480
person 340 71 639 474
person 236 114 338 480
person 216 134 274 242
person 119 142 159 190
person 579 146 614 191
person 552 139 580 187
person 396 156 425 196
person 607 148 640 197
person 415 171 467 210
person 13 56 250 473
person 153 116 275 346
person 291 106 487 480
person 340 71 639 474
person 236 114 338 480
person 216 134 274 242
person 119 142 159 190
person 579 146 614 191
person 552 139 580 187
person 396 156 425 196
person 607 148 640 197
person 415 171 467 210
person 13 56 250 473
person 153 116 275 346
person 291 106 487 480
person 340 71 639 474
person 236 114 338 480
person 216 134 274 242
person 119 142 159 190
person 579 146 614 191
person 552 139 580 187
person 396 156 425 196
person 607 148 640 197
person 415 171 467 210
person 13 56 250 473
person 153 116 275 346
person 291 106 487 480
person 340 71 639 474
person 236 114 338 480
person 216 134 274 242
person 119 142 159 190
person 579 146 614 191
person 552 139 580 187
person 396 156 425 196
person 607 148 640 197
person 415 171 467 210
