person 66 48 367 640
person 0 227 27 287
person 18 215 43 277
person 430 305 480 640
person 7 225 36 284
person 66 48 367 640
person 0 227 27 287
person 18 215 43 277
person 430 305 480 640
person 7 225 36 284
person 66 48 367 640
person 0 227 27 287
person 18 215 43 277
person 430 305 480 640
person 7 225 36 284
person 66 48 367 640
person 0 227 27 287
person 18 215 43 277
person 430 305 480 640
person 7 225 36 284
person 66 48 367 640
person 0 227 27 287
person 18 215 43 277
person 430 305 480 640
person 7 225 36 284
person 66 48 367 640
person 0 227 27 287
person 18 215 43 277
person 430 305 480 640
person 7 225 36 284
