person 146 46 289 274
person 395 28 413 84
person 440 24 468 83
person 21 30 72 136
person 472 26 499 91
person 271 88 473 273
person 417 33 430 83
person 56 23 92 131
person 146 46 289 274
person 395 28 413 84
person 440 24 468 83
person 21 30 72 136
person 472 26 499 91
person 271 88 473 273
person 417 33 430 83
person 56 23 92 131
person 146 46 289 274
person 395 28 413 84
person 440 24 468 83
person 21 30 72 136
person 472 26 499 91
person 271 88 473 273
person 417 33 430 83
person 56 23 92 131
person 146 46 289 274
person 395 28 413 84
person 440 24 468 83
person 21 30 72 136
person 472 26 499 91
person 271 88 473 273
person 417 33 430 83
person 56 23 92 131
person 146 46 289 274
person 395 28 413 84
person 440 24 468 83
person 21 30 72 136
person 472 26 499 91
person 271 88 473 273
person 417 33 430 83
person 56 23 92 131
person 146 46 289 274
person 395 28 413 84
person 440 24 468 83
person 21 30 72 136
person 472 26 499 91
person 271 88 473 273
person 417 33 430 83
person 56 23 92 131
