person 34 25 201 401
person 0 0 108 394
person 140 185 254 395
person 274 20 464 232
person 210 18 416 396
person 354 21 484 196
person 132 12 272 204
person 34 25 201 401
person 0 0 108 394
person 140 185 254 395
person 274 20 464 232
person 210 18 416 396
person 354 21 484 196
person 132 12 272 204
person 34 25 201 401
person 0 0 108 394
person 140 185 254 395
person 274 20 464 232
person 210 18 416 396
person 354 21 484 196
person 132 12 272 204
person 34 25 201 401
person 0 0 108 394
person 140 185 254 395
person 274 20 464 232
person 210 18 416 396
person 354 21 484 196
person 132 12 272 204
person 34 25 201 401
person 0 0 108 394
person 140 185 254 395
person 274 20 464 232
person 210 18 416 396
person 354 21 484 196
person 132 12 272 204
person 34 25 201 401
person 0 0 108 394
person 140 185 254 395
person 274 20 464 232
person 210 18 416 396
person 354 21 484 196
person 132 12 272 204
