person 281 14 379 153
person 89 118 138 187
person 161 136 189 171
person 179 8 328 245
person 31 115 81 204
person 361 23 451 101
person 281 14 379 153
person 89 118 138 187
person 161 136 189 171
person 179 8 328 245
person 31 115 81 204
person 361 23 451 101
person 281 14 379 153
person 89 118 138 187
person 161 136 189 171
person 179 8 328 245
person 31 115 81 204
person 361 23 451 101
person 281 14 379 153
person 89 118 138 187
person 161 136 189 171
person 179 8 328 245
person 31 115 81 204
person 361 23 451 101
person 281 14 379 153
person 89 118 138 187
person 161 136 189 171
person 179 8 328 245
person 31 115 81 204
person 361 23 451 101
person 281 14 379 153
person 89 118 138 187
person 161 136 189 171
person 179 8 328 245
person 31 115 81 204
person 361 23 451 101
