person 275 134 367 273
person 157 115 283 420
person 62 147 146 364
person 235 154 261 217
person 378 146 422 233
person 275 134 367 273
person 157 115 283 420
person 62 147 146 364
person 235 154 261 217
person 378 146 422 233
person 275 134 367 273
person 157 115 283 420
person 62 147 146 364
person 235 154 261 217
person 378 146 422 233
person 275 134 367 273
person 157 115 283 420
person 62 147 146 364
person 235 154 261 217
person 378 146 422 233
person 275 134 367 273
person 157 115 283 420
person 62 147 146 364
person 235 154 261 217
person 378 146 422 233
person 275 134 367 273
person 157 115 283 420
person 62 147 146 364
person 235 154 261 217
person 378 146 422 233
