person 220 345 339 474
person 53 413 114 474
person 347 366 437 480
person 108 411 207 480
person 96 142 139 216
person 535 400 623 480
person 479 457 515 479
person 220 345 339 474
person 53 413 114 474
person 347 366 437 480
person 108 411 207 480
person 96 142 139 216
person 535 400 623 480
person 479 457 515 479
person 220 345 339 474
person 53 413 114 474
person 347 366 437 480
person 108 411 207 480
person 96 142 139 216
person 535 400 623 480
person 479 457 515 479
person 220 345 339 474
person 53 413 114 474
person 347 366 437 480
person 108 411 207 480
person 96 142 139 216
person 535 400 623 480
person 479 457 515 479
person 220 345 339 474
person 53 413 114 474
person 347 366 437 480
person 108 411 207 480
person 96 142 139 216
person 535 400 623 480
person 479 457 515 479
person 220 345 339 474
person 53 413 114 474
person 347 366 437 480
person 108 411 207 480
person 96 142 139 216
person 535 400 623 480
person 479 457 515 479
