person 0 0 365 425
person 422 152 507 296
person 395 167 446 286
person 440 144 639 355
person 0 0 365 425
person 422 152 507 296
person 395 167 446 286
person 440 144 639 355
person 0 0 365 425
person 422 152 507 296
person 395 167 446 286
person 440 144 639 355
person 0 0 365 425
person 422 152 507 296
person 395 167 446 286
person 440 144 639 355
person 0 0 365 425
person 422 152 507 296
person 395 167 446 286
person 440 144 639 355
person 0 0 365 425
person 422 152 507 296
person 395 167 446 286
person 440 144 639 355
