person 14 16 312 405
person 502 0 544 70
person 312 0 367 84
person 0 127 16 157
person 246 0 288 45
person 232 0 265 35
person 14 16 312 405
person 502 0 544 70
person 312 0 367 84
person 0 127 16 157
person 246 0 288 45
person 232 0 265 35
person 14 16 312 405
person 502 0 544 70
person 312 0 367 84
person 0 127 16 157
person 246 0 288 45
person 232 0 265 35
person 14 16 312 405
person 502 0 544 70
person 312 0 367 84
person 0 127 16 157
person 246 0 288 45
person 232 0 265 35
person 14 16 312 405
person 502 0 544 70
person 312 0 367 84
person 0 127 16 157
person 246 0 288 45
person 232 0 265 35
person 14 16 312 405
person 502 0 544 70
person 312 0 367 84
person 0 127 16 157
person 246 0 288 45
person 232 0 265 35
