person 133 119 188 308
person 67 210 138 251
person 580 197 594 236
person 546 220 559 232
person 37 181 57 233
person 212 209 217 219
person 248 210 257 228
person 182 218 199 237
person 133 119 188 308
person 67 210 138 251
person 580 197 594 236
person 546 220 559 232
person 37 181 57 233
person 212 209 217 219
person 248 210 257 228
person 182 218 199 237
person 133 119 188 308
person 67 210 138 251
person 580 197 594 236
person 546 220 559 232
person 37 181 57 233
person 212 209 217 219
person 248 210 257 228
person 182 218 199 237
person 133 119 188 308
person 67 210 138 251
person 580 197 594 236
person 546 220 559 232
person 37 181 57 233
person 212 209 217 219
person 248 210 257 228
person 182 218 199 237
person 133 119 188 308
person 67 210 138 251
person 580 197 594 236
person 546 220 559 232
person 37 181 57 233
person 212 209 217 219
person 248 210 257 228
person 182 218 199 237
person 133 119 188 308
person 67 210 138 251
person 580 197 594 236
person 546 220 559 232
person 37 181 57 233
person 212 209 217 219
person 248 210 257 228
person 182 218 199 237
