person 33 290 135 410
person 131 290 218 408
person 450 280 505 376
person 204 179 271 329
person 260 169 317 326
person 309 188 359 319
person 511 212 555 318
person 340 271 390 378
person 323 249 395 352
person 154 174 206 314
person 353 190 390 281
person 438 184 495 332
person 7 197 44 291
person 33 290 135 410
person 131 290 218 408
person 450 280 505 376
person 204 179 271 329
person 260 169 317 326
person 309 188 359 319
person 511 212 555 318
person 340 271 390 378
person 323 249 395 352
person 154 174 206 314
person 353 190 390 281
person 438 184 495 332
person 7 197 44 291
person 33 290 135 410
person 131 290 218 408
person 450 280 505 376
person 204 179 271 329
person 260 169 317 326
person 309 188 359 319
person 511 212 555 318
person 340 271 390 378
person 323 249 395 352
person 154 174 206 314
person 353 190 390 281
person 438 184 495 332
person 7 197 44 291
person 33 290 135 410
person 131 290 218 408
person 450 280 505 376
person 204 179 271 329
person 260 169 317 326
person 309 188 359 319
person 511 212 555 318
person 340 271 390 378
person 323 249 395 352
person 154 174 206 314
person 353 190 390 281
person 438 184 495 332
person 7 197 44 291
person 33 290 135 410
person 131 290 218 408
person 450 280 505 376
person 204 179 271 329
person 260 169 317 326
person 309 188 359 319
person 511 212 555 318
person 340 271 390 378
person 323 249 395 352
person 154 174 206 314
person 353 190 390 281
person 438 184 495 332
person 7 197 44 291
person 33 290 135 410
person 131 290 218 408
person 450 280 505 376
person 204 179 271 329
person 260 169 317 326
person 309 188 359 319
person 511 212 555 318
person 340 271 390 378
person 323 249 395 352
person 154 174 206 314
person 353 190 390 281
person 438 184 495 332
person 7 197 44 291
