person 136 155 231 293
person 259 177 323 253
person 0 52 237 427
person 371 168 457 266
person 243 348 363 421
person 513 109 640 286
person 136 155 231 293
person 259 177 323 253
person 0 52 237 427
person 371 168 457 266
person 243 348 363 421
person 513 109 640 286
person 136 155 231 293
person 259 177 323 253
person 0 52 237 427
person 371 168 457 266
person 243 348 363 421
person 513 109 640 286
person 136 155 231 293
person 259 177 323 253
person 0 52 237 427
person 371 168 457 266
person 243 348 363 421
person 513 109 640 286
person 136 155 231 293
person 259 177 323 253
person 0 52 237 427
person 371 168 457 266
person 243 348 363 421
person 513 109 640 286
person 136 155 231 293
person 259 177 323 253
person 0 52 237 427
person 371 168 457 266
person 243 348 363 421
person 513 109 640 286
