person 327 14 467 158
person 294 21 342 123
person 371 286 454 480
person 17 235 34 262
person 304 193 328 240
person 115 172 163 232
person 327 14 467 158
person 294 21 342 123
person 371 286 454 480
person 17 235 34 262
person 304 193 328 240
person 115 172 163 232
person 327 14 467 158
person 294 21 342 123
person 371 286 454 480
person 17 235 34 262
person 304 193 328 240
person 115 172 163 232
person 327 14 467 158
person 294 21 342 123
person 371 286 454 480
person 17 235 34 262
person 304 193 328 240
person 115 172 163 232
person 327 14 467 158
person 294 21 342 123
person 371 286 454 480
person 17 235 34 262
person 304 193 328 240
person 115 172 163 232
person 327 14 467 158
person 294 21 342 123
person 371 286 454 480
person 17 235 34 262
person 304 193 328 240
person 115 172 163 232
