person 135 134 205 326
person 261 164 337 298
person 524 126 638 425
person 225 217 254 302
person 323 190 366 269
person 70 126 130 161
person 232 90 519 425
person 135 134 205 326
person 261 164 337 298
person 524 126 638 425
person 225 217 254 302
person 323 190 366 269
person 70 126 130 161
person 232 90 519 425
person 135 134 205 326
person 261 164 337 298
person 524 126 638 425
person 225 217 254 302
person 323 190 366 269
person 70 126 130 161
person 232 90 519 425
person 135 134 205 326
person 261 164 337 298
person 524 126 638 425
person 225 217 254 302
person 323 190 366 269
person 70 126 130 161
person 232 90 519 425
person 135 134 205 326
person 261 164 337 298
person 524 126 638 425
person 225 217 254 302
person 323 190 366 269
person 70 126 130 161
person 232 90 519 425
person 135 134 205 326
person 261 164 337 298
person 524 126 638 425
person 225 217 254 302
person 323 190 366 269
person 70 126 130 161
person 232 90 519 425
