person 60 332 68 359
person 51 335 60 357
person 296 346 302 352
person 117 330 127 347
person 60 332 68 359
person 51 335 60 357
person 296 346 302 352
person 117 330 127 347
person 60 332 68 359
person 51 335 60 357
person 296 346 302 352
person 117 330 127 347
person 60 332 68 359
person 51 335 60 357
person 296 346 302 352
person 117 330 127 347
person 60 332 68 359
person 51 335 60 357
person 296 346 302 352
person 117 330 127 347
person 60 332 68 359
person 51 335 60 357
person 296 346 302 352
person 117 330 127 347
