person 167 245 220 411
person 224 255 268 311
person 243 253 333 374
person 345 250 382 311
person 354 226 388 269
person 510 219 529 246
person 590 217 606 237
person 167 245 220 411
person 224 255 268 311
person 243 253 333 374
person 345 250 382 311
person 354 226 388 269
person 510 219 529 246
person 590 217 606 237
person 167 245 220 411
person 224 255 268 311
person 243 253 333 374
person 345 250 382 311
person 354 226 388 269
person 510 219 529 246
person 590 217 606 237
person 167 245 220 411
person 224 255 268 311
person 243 253 333 374
person 345 250 382 311
person 354 226 388 269
person 510 219 529 246
person 590 217 606 237
person 167 245 220 411
person 224 255 268 311
person 243 253 333 374
person 345 250 382 311
person 354 226 388 269
person 510 219 529 246
person 590 217 606 237
person 167 245 220 411
person 224 255 268 311
person 243 253 333 374
person 345 250 382 311
person 354 226 388 269
person 510 219 529 246
person 590 217 606 237
