person 1 1 480 630
person 343 308 351 328
person 317 306 329 330
person 330 308 336 324
person 1 1 480 630
person 343 308 351 328
person 317 306 329 330
person 330 308 336 324
person 1 1 480 630
person 343 308 351 328
person 317 306 329 330
person 330 308 336 324
person 1 1 480 630
person 343 308 351 328
person 317 306 329 330
person 330 308 336 324
person 1 1 480 630
person 343 308 351 328
person 317 306 329 330
person 330 308 336 324
person 1 1 480 630
person 343 308 351 328
person 317 306 329 330
person 330 308 336 324
