person 311 125 399 352
person 269 192 328 339
person 60 96 153 239
person 158 72 204 123
person 124 93 221 295
person 166 95 227 238
person 311 125 399 352
person 269 192 328 339
person 60 96 153 239
person 158 72 204 123
person 124 93 221 295
person 166 95 227 238
person 311 125 399 352
person 269 192 328 339
person 60 96 153 239
person 158 72 204 123
person 124 93 221 295
person 166 95 227 238
person 311 125 399 352
person 269 192 328 339
person 60 96 153 239
person 158 72 204 123
person 124 93 221 295
person 166 95 227 238
person 311 125 399 352
person 269 192 328 339
person 60 96 153 239
person 158 72 204 123
person 124 93 221 295
person 166 95 227 238
person 311 125 399 352
person 269 192 328 339
person 60 96 153 239
person 158 72 204 123
person 124 93 221 295
person 166 95 227 238
