person 11 615 16 627
person 4 616 11 626
person 15 614 21 627
person 36 625 41 632
person 21 617 28 627
person 11 615 16 627
person 4 616 11 626
person 15 614 21 627
person 36 625 41 632
person 21 617 28 627
person 11 615 16 627
person 4 616 11 626
person 15 614 21 627
person 36 625 41 632
person 21 617 28 627
person 11 615 16 627
person 4 616 11 626
person 15 614 21 627
person 36 625 41 632
person 21 617 28 627
person 11 615 16 627
person 4 616 11 626
person 15 614 21 627
person 36 625 41 632
person 21 617 28 627
person 11 615 16 627
person 4 616 11 626
person 15 614 21 627
person 36 625 41 632
person 21 617 28 627
