person 193 178 207 200
person 201 184 215 213
person 210 184 225 212
person 219 176 231 210
person 227 178 235 189
person 180 178 199 212
person 396 151 418 179
person 211 177 219 193
person 226 172 241 210
person 193 178 207 200
person 201 184 215 213
person 210 184 225 212
person 219 176 231 210
person 227 178 235 189
person 180 178 199 212
person 396 151 418 179
person 211 177 219 193
person 226 172 241 210
person 193 178 207 200
person 201 184 215 213
person 210 184 225 212
person 219 176 231 210
person 227 178 235 189
person 180 178 199 212
person 396 151 418 179
person 211 177 219 193
person 226 172 241 210
person 193 178 207 200
person 201 184 215 213
person 210 184 225 212
person 219 176 231 210
person 227 178 235 189
person 180 178 199 212
person 396 151 418 179
person 211 177 219 193
person 226 172 241 210
person 193 178 207 200
person 201 184 215 213
person 210 184 225 212
person 219 176 231 210
person 227 178 235 189
person 180 178 199 212
person 396 151 418 179
person 211 177 219 193
person 226 172 241 210
person 193 178 207 200
person 201 184 215 213
person 210 184 225 212
person 219 176 231 210
person 227 178 235 189
person 180 178 199 212
person 396 151 418 179
person 211 177 219 193
person 226 172 241 210
