person 0 86 92 335
person 67 77 194 248
person 168 51 277 224
person 329 227 409 317
person 391 92 409 146
person 260 48 325 153
person 0 86 92 335
person 67 77 194 248
person 168 51 277 224
person 329 227 409 317
person 391 92 409 146
person 260 48 325 153
person 0 86 92 335
person 67 77 194 248
person 168 51 277 224
person 329 227 409 317
person 391 92 409 146
person 260 48 325 153
person 0 86 92 335
person 67 77 194 248
person 168 51 277 224
person 329 227 409 317
person 391 92 409 146
person 260 48 325 153
person 0 86 92 335
person 67 77 194 248
person 168 51 277 224
person 329 227 409 317
person 391 92 409 146
person 260 48 325 153
person 0 86 92 335
person 67 77 194 248
person 168 51 277 224
person 329 227 409 317
person 391 92 409 146
person 260 48 325 153
