person 335 44 640 422
person 0 0 338 424
person 272 153 349 220
person 381 153 455 223
person 376 167 411 212
person 253 173 273 197
person 284 168 302 188
person 236 164 262 197
person 347 186 361 200
person 33 80 98 100
person 363 186 380 201
person 444 177 470 227
person 349 177 372 206
person 335 44 640 422
person 0 0 338 424
person 272 153 349 220
person 381 153 455 223
person 376 167 411 212
person 253 173 273 197
person 284 168 302 188
person 236 164 262 197
person 347 186 361 200
person 33 80 98 100
person 363 186 380 201
person 444 177 470 227
person 349 177 372 206
person 335 44 640 422
person 0 0 338 424
person 272 153 349 220
person 381 153 455 223
person 376 167 411 212
person 253 173 273 197
person 284 168 302 188
person 236 164 262 197
person 347 186 361 200
person 33 80 98 100
person 363 186 380 201
person 444 177 470 227
person 349 177 372 206
person 335 44 640 422
person 0 0 338 424
person 272 153 349 220
person 381 153 455 223
person 376 167 411 212
person 253 173 273 197
person 284 168 302 188
person 236 164 262 197
person 347 186 361 200
person 33 80 98 100
person 363 186 380 201
person 444 177 470 227
person 349 177 372 206
person 335 44 640 422
person 0 0 338 424
person 272 153 349 220
person 381 153 455 223
person 376 167 411 212
person 253 173 273 197
person 284 168 302 188
person 236 164 262 197
person 347 186 361 200
person 33 80 98 100
person 363 186 380 201
person 444 177 470 227
person 349 177 372 206
person 335 44 640 422
person 0 0 338 424
person 272 153 349 220
person 381 153 455 223
person 376 167 411 212
person 253 173 273 197
person 284 168 302 188
person 236 164 262 197
person 347 186 361 200
person 33 80 98 100
person 363 186 380 201
person 444 177 470 227
person 349 177 372 206
