person 368 250 374 266
person 304 224 308 230
person 374 249 380 261
person 406 305 416 315
person 193 218 197 222
person 625 227 628 233
person 513 255 522 262
person 218 220 221 228
person 368 250 374 266
person 304 224 308 230
person 374 249 380 261
person 406 305 416 315
person 193 218 197 222
person 625 227 628 233
person 513 255 522 262
person 218 220 221 228
person 368 250 374 266
person 304 224 308 230
person 374 249 380 261
person 406 305 416 315
person 193 218 197 222
person 625 227 628 233
person 513 255 522 262
person 218 220 221 228
person 368 250 374 266
person 304 224 308 230
person 374 249 380 261
person 406 305 416 315
person 193 218 197 222
person 625 227 628 233
person 513 255 522 262
person 218 220 221 228
person 368 250 374 266
person 304 224 308 230
person 374 249 380 261
person 406 305 416 315
person 193 218 197 222
person 625 227 628 233
person 513 255 522 262
person 218 220 221 228
person 368 250 374 266
person 304 224 308 230
person 374 249 380 261
person 406 305 416 315
person 193 218 197 222
person 625 227 628 233
person 513 255 522 262
person 218 220 221 228
