person 126 215 180 251
person 218 208 264 253
person 282 175 301 197
person 331 156 358 197
person 126 215 180 251
person 218 208 264 253
person 282 175 301 197
person 331 156 358 197
person 126 215 180 251
person 218 208 264 253
person 282 175 301 197
person 331 156 358 197
person 126 215 180 251
person 218 208 264 253
person 282 175 301 197
person 331 156 358 197
person 126 215 180 251
person 218 208 264 253
person 282 175 301 197
person 331 156 358 197
person 126 215 180 251
person 218 208 264 253
person 282 175 301 197
person 331 156 358 197
