person 0 13 288 420
person 141 24 422 418
person 282 41 467 419
person 401 79 544 317
person 422 68 443 108
person 538 45 624 273
person 569 5 640 219
person 468 93 596 177
person 344 54 500 384
person 522 16 582 109
person 467 69 528 165
person 0 13 288 420
person 141 24 422 418
person 282 41 467 419
person 401 79 544 317
person 422 68 443 108
person 538 45 624 273
person 569 5 640 219
person 468 93 596 177
person 344 54 500 384
person 522 16 582 109
person 467 69 528 165
person 0 13 288 420
person 141 24 422 418
person 282 41 467 419
person 401 79 544 317
person 422 68 443 108
person 538 45 624 273
person 569 5 640 219
person 468 93 596 177
person 344 54 500 384
person 522 16 582 109
person 467 69 528 165
person 0 13 288 420
person 141 24 422 418
person 282 41 467 419
person 401 79 544 317
person 422 68 443 108
person 538 45 624 273
person 569 5 640 219
person 468 93 596 177
person 344 54 500 384
person 522 16 582 109
person 467 69 528 165
person 0 13 288 420
person 141 24 422 418
person 282 41 467 419
person 401 79 544 317
person 422 68 443 108
person 538 45 624 273
person 569 5 640 219
person 468 93 596 177
person 344 54 500 384
person 522 16 582 109
person 467 69 528 165
person 0 13 288 420
person 141 24 422 418
person 282 41 467 419
person 401 79 544 317
person 422 68 443 108
person 538 45 624 273
person 569 5 640 219
person 468 93 596 177
person 344 54 500 384
person 522 16 582 109
person 467 69 528 165
