person 176 73 309 227
person 93 108 240 257
person 414 211 509 298
person 307 189 431 318
person 176 73 309 227
person 93 108 240 257
person 414 211 509 298
person 307 189 431 318
person 176 73 309 227
person 93 108 240 257
person 414 211 509 298
person 307 189 431 318
person 176 73 309 227
person 93 108 240 257
person 414 211 509 298
person 307 189 431 318
person 176 73 309 227
person 93 108 240 257
person 414 211 509 298
person 307 189 431 318
person 176 73 309 227
person 93 108 240 257
person 414 211 509 298
person 307 189 431 318
