person 175 35 390 416
person 566 320 607 426
person 136 139 252 424
person 453 224 518 424
person 492 265 548 426
person 362 175 422 379
person 600 379 640 426
person 175 35 390 416
person 566 320 607 426
person 136 139 252 424
person 453 224 518 424
person 492 265 548 426
person 362 175 422 379
person 600 379 640 426
person 175 35 390 416
person 566 320 607 426
person 136 139 252 424
person 453 224 518 424
person 492 265 548 426
person 362 175 422 379
person 600 379 640 426
person 175 35 390 416
person 566 320 607 426
person 136 139 252 424
person 453 224 518 424
person 492 265 548 426
person 362 175 422 379
person 600 379 640 426
person 175 35 390 416
person 566 320 607 426
person 136 139 252 424
person 453 224 518 424
person 492 265 548 426
person 362 175 422 379
person 600 379 640 426
person 175 35 390 416
person 566 320 607 426
person 136 139 252 424
person 453 224 518 424
person 492 265 548 426
person 362 175 422 379
person 600 379 640 426
