person 410 264 438 299
person 279 173 290 191
person 322 164 333 188
person 238 211 248 256
person 410 264 438 299
person 279 173 290 191
person 322 164 333 188
person 238 211 248 256
person 410 264 438 299
person 279 173 290 191
person 322 164 333 188
person 238 211 248 256
person 410 264 438 299
person 279 173 290 191
person 322 164 333 188
person 238 211 248 256
person 410 264 438 299
person 279 173 290 191
person 322 164 333 188
person 238 211 248 256
person 410 264 438 299
person 279 173 290 191
person 322 164 333 188
person 238 211 248 256
