person 367 120 513 363
person 550 100 592 209
person 543 101 563 157
person 584 95 621 209
person 10 123 59 209
person 601 86 639 209
person 507 113 541 206
person 108 231 256 391
person 0 154 34 212
person 367 120 513 363
person 550 100 592 209
person 543 101 563 157
person 584 95 621 209
person 10 123 59 209
person 601 86 639 209
person 507 113 541 206
person 108 231 256 391
person 0 154 34 212
person 367 120 513 363
person 550 100 592 209
person 543 101 563 157
person 584 95 621 209
person 10 123 59 209
person 601 86 639 209
person 507 113 541 206
person 108 231 256 391
person 0 154 34 212
person 367 120 513 363
person 550 100 592 209
person 543 101 563 157
person 584 95 621 209
person 10 123 59 209
person 601 86 639 209
person 507 113 541 206
person 108 231 256 391
person 0 154 34 212
person 367 120 513 363
person 550 100 592 209
person 543 101 563 157
person 584 95 621 209
person 10 123 59 209
person 601 86 639 209
person 507 113 541 206
person 108 231 256 391
person 0 154 34 212
person 367 120 513 363
person 550 100 592 209
person 543 101 563 157
person 584 95 621 209
person 10 123 59 209
person 601 86 639 209
person 507 113 541 206
person 108 231 256 391
person 0 154 34 212
