person 31 76 401 428
person 20 50 122 293
person 291 12 404 349
person 367 106 435 306
person 7 94 97 352
person 83 70 169 232
person 186 66 242 130
person 165 68 204 140
person 0 78 59 423
person 334 90 374 211
person 31 76 401 428
person 20 50 122 293
person 291 12 404 349
person 367 106 435 306
person 7 94 97 352
person 83 70 169 232
person 186 66 242 130
person 165 68 204 140
person 0 78 59 423
person 334 90 374 211
person 31 76 401 428
person 20 50 122 293
person 291 12 404 349
person 367 106 435 306
person 7 94 97 352
person 83 70 169 232
person 186 66 242 130
person 165 68 204 140
person 0 78 59 423
person 334 90 374 211
person 31 76 401 428
person 20 50 122 293
person 291 12 404 349
person 367 106 435 306
person 7 94 97 352
person 83 70 169 232
person 186 66 242 130
person 165 68 204 140
person 0 78 59 423
person 334 90 374 211
person 31 76 401 428
person 20 50 122 293
person 291 12 404 349
person 367 106 435 306
person 7 94 97 352
person 83 70 169 232
person 186 66 242 130
person 165 68 204 140
person 0 78 59 423
person 334 90 374 211
person 31 76 401 428
person 20 50 122 293
person 291 12 404 349
person 367 106 435 306
person 7 94 97 352
person 83 70 169 232
person 186 66 242 130
person 165 68 204 140
person 0 78 59 423
person 334 90 374 211
