person 122 375 322 629
person 67 29 119 132
person 18 0 79 104
person 161 0 189 78
person 12 78 163 402
person 91 0 130 69
person 122 375 322 629
person 67 29 119 132
person 18 0 79 104
person 161 0 189 78
person 12 78 163 402
person 91 0 130 69
person 122 375 322 629
person 67 29 119 132
person 18 0 79 104
person 161 0 189 78
person 12 78 163 402
person 91 0 130 69
person 122 375 322 629
person 67 29 119 132
person 18 0 79 104
person 161 0 189 78
person 12 78 163 402
person 91 0 130 69
person 122 375 322 629
person 67 29 119 132
person 18 0 79 104
person 161 0 189 78
person 12 78 163 402
person 91 0 130 69
person 122 375 322 629
person 67 29 119 132
person 18 0 79 104
person 161 0 189 78
person 12 78 163 402
person 91 0 130 69
