person 0 322 21 377
person 81 330 89 363
person 112 332 122 356
person 17 327 26 356
person 120 335 126 349
person 55 329 72 370
person 0 322 21 377
person 81 330 89 363
person 112 332 122 356
person 17 327 26 356
person 120 335 126 349
person 55 329 72 370
person 0 322 21 377
person 81 330 89 363
person 112 332 122 356
person 17 327 26 356
person 120 335 126 349
person 55 329 72 370
person 0 322 21 377
person 81 330 89 363
person 112 332 122 356
person 17 327 26 356
person 120 335 126 349
person 55 329 72 370
person 0 322 21 377
person 81 330 89 363
person 112 332 122 356
person 17 327 26 356
person 120 335 126 349
person 55 329 72 370
person 0 322 21 377
person 81 330 89 363
person 112 332 122 356
person 17 327 26 356
person 120 335 126 349
person 55 329 72 370
