person 99 394 138 488
person 0 331 21 379
person 72 408 94 488
person 168 90 328 296
person 99 394 138 488
person 0 331 21 379
person 72 408 94 488
person 168 90 328 296
person 99 394 138 488
person 0 331 21 379
person 72 408 94 488
person 168 90 328 296
person 99 394 138 488
person 0 331 21 379
person 72 408 94 488
person 168 90 328 296
person 99 394 138 488
person 0 331 21 379
person 72 408 94 488
person 168 90 328 296
person 99 394 138 488
person 0 331 21 379
person 72 408 94 488
person 168 90 328 296
