person 599 191 628 256
person 615 199 630 252
person 113 226 128 259
person 133 225 145 244
person 39 234 50 250
person 4 234 20 272
person 403 201 421 223
person 632 192 640 232
person 599 191 628 256
person 615 199 630 252
person 113 226 128 259
person 133 225 145 244
person 39 234 50 250
person 4 234 20 272
person 403 201 421 223
person 632 192 640 232
person 599 191 628 256
person 615 199 630 252
person 113 226 128 259
person 133 225 145 244
person 39 234 50 250
person 4 234 20 272
person 403 201 421 223
person 632 192 640 232
person 599 191 628 256
person 615 199 630 252
person 113 226 128 259
person 133 225 145 244
person 39 234 50 250
person 4 234 20 272
person 403 201 421 223
person 632 192 640 232
person 599 191 628 256
person 615 199 630 252
person 113 226 128 259
person 133 225 145 244
person 39 234 50 250
person 4 234 20 272
person 403 201 421 223
person 632 192 640 232
person 599 191 628 256
person 615 199 630 252
person 113 226 128 259
person 133 225 145 244
person 39 234 50 250
person 4 234 20 272
person 403 201 421 223
person 632 192 640 232
