person 0 344 52 477
person 113 362 151 414
person 161 361 188 398
person 138 365 155 392
person 82 362 113 397
person 0 344 52 477
person 113 362 151 414
person 161 361 188 398
person 138 365 155 392
person 82 362 113 397
person 0 344 52 477
person 113 362 151 414
person 161 361 188 398
person 138 365 155 392
person 82 362 113 397
person 0 344 52 477
person 113 362 151 414
person 161 361 188 398
person 138 365 155 392
person 82 362 113 397
person 0 344 52 477
person 113 362 151 414
person 161 361 188 398
person 138 365 155 392
person 82 362 113 397
person 0 344 52 477
person 113 362 151 414
person 161 361 188 398
person 138 365 155 392
person 82 362 113 397
