person 413 101 541 370
person 547 11 610 69
person 527 45 555 70
person 542 0 590 60
person 188 0 221 55
person 590 0 598 15
person 601 0 629 48
person 413 101 541 370
person 547 11 610 69
person 527 45 555 70
person 542 0 590 60
person 188 0 221 55
person 590 0 598 15
person 601 0 629 48
person 413 101 541 370
person 547 11 610 69
person 527 45 555 70
person 542 0 590 60
person 188 0 221 55
person 590 0 598 15
person 601 0 629 48
person 413 101 541 370
person 547 11 610 69
person 527 45 555 70
person 542 0 590 60
person 188 0 221 55
person 590 0 598 15
person 601 0 629 48
person 413 101 541 370
person 547 11 610 69
person 527 45 555 70
person 542 0 590 60
person 188 0 221 55
person 590 0 598 15
person 601 0 629 48
person 413 101 541 370
person 547 11 610 69
person 527 45 555 70
person 542 0 590 60
person 188 0 221 55
person 590 0 598 15
person 601 0 629 48
