person 290 366 331 443
person 182 357 204 409
person 207 366 216 404
person 196 359 207 405
person 290 366 331 443
person 182 357 204 409
person 207 366 216 404
person 196 359 207 405
person 290 366 331 443
person 182 357 204 409
person 207 366 216 404
person 196 359 207 405
person 290 366 331 443
person 182 357 204 409
person 207 366 216 404
person 196 359 207 405
person 290 366 331 443
person 182 357 204 409
person 207 366 216 404
person 196 359 207 405
person 290 366 331 443
person 182 357 204 409
person 207 366 216 404
person 196 359 207 405
