person 61 212 83 257
person 210 215 226 253
person 203 216 218 250
person 581 219 595 250
person 564 220 571 247
person 61 212 83 257
person 210 215 226 253
person 203 216 218 250
person 581 219 595 250
person 564 220 571 247
person 61 212 83 257
person 210 215 226 253
person 203 216 218 250
person 581 219 595 250
person 564 220 571 247
person 61 212 83 257
person 210 215 226 253
person 203 216 218 250
person 581 219 595 250
person 564 220 571 247
person 61 212 83 257
person 210 215 226 253
person 203 216 218 250
person 581 219 595 250
person 564 220 571 247
person 61 212 83 257
person 210 215 226 253
person 203 216 218 250
person 581 219 595 250
person 564 220 571 247
