person 105 283 162 421
person 218 267 275 421
person 258 265 316 423
person 531 290 565 421
person 332 311 368 417
person 361 303 418 421
person 194 270 244 412
person 181 334 209 399
person 290 276 349 420
person 105 283 162 421
person 218 267 275 421
person 258 265 316 423
person 531 290 565 421
person 332 311 368 417
person 361 303 418 421
person 194 270 244 412
person 181 334 209 399
person 290 276 349 420
person 105 283 162 421
person 218 267 275 421
person 258 265 316 423
person 531 290 565 421
person 332 311 368 417
person 361 303 418 421
person 194 270 244 412
person 181 334 209 399
person 290 276 349 420
person 105 283 162 421
person 218 267 275 421
person 258 265 316 423
person 531 290 565 421
person 332 311 368 417
person 361 303 418 421
person 194 270 244 412
person 181 334 209 399
person 290 276 349 420
person 105 283 162 421
person 218 267 275 421
person 258 265 316 423
person 531 290 565 421
person 332 311 368 417
person 361 303 418 421
person 194 270 244 412
person 181 334 209 399
person 290 276 349 420
person 105 283 162 421
person 218 267 275 421
person 258 265 316 423
person 531 290 565 421
person 332 311 368 417
person 361 303 418 421
person 194 270 244 412
person 181 334 209 399
person 290 276 349 420
