person 148 201 231 377
person 311 166 396 281
person 545 247 630 391
person 32 299 164 479
person 148 201 231 377
person 311 166 396 281
person 545 247 630 391
person 32 299 164 479
person 148 201 231 377
person 311 166 396 281
person 545 247 630 391
person 32 299 164 479
person 148 201 231 377
person 311 166 396 281
person 545 247 630 391
person 32 299 164 479
person 148 201 231 377
person 311 166 396 281
person 545 247 630 391
person 32 299 164 479
person 148 201 231 377
person 311 166 396 281
person 545 247 630 391
person 32 299 164 479
