person 328 58 379 133
person 295 64 326 123
person 513 70 565 182
person 405 56 463 173
person 328 58 379 133
person 295 64 326 123
person 513 70 565 182
person 405 56 463 173
person 328 58 379 133
person 295 64 326 123
person 513 70 565 182
person 405 56 463 173
person 328 58 379 133
person 295 64 326 123
person 513 70 565 182
person 405 56 463 173
person 328 58 379 133
person 295 64 326 123
person 513 70 565 182
person 405 56 463 173
person 328 58 379 133
person 295 64 326 123
person 513 70 565 182
person 405 56 463 173
