person 333 51 458 382
person 161 40 291 373
person 314 114 356 164
person 439 72 486 232
person 206 77 279 333
person 333 51 458 382
person 161 40 291 373
person 314 114 356 164
person 439 72 486 232
person 206 77 279 333
person 333 51 458 382
person 161 40 291 373
person 314 114 356 164
person 439 72 486 232
person 206 77 279 333
person 333 51 458 382
person 161 40 291 373
person 314 114 356 164
person 439 72 486 232
person 206 77 279 333
person 333 51 458 382
person 161 40 291 373
person 314 114 356 164
person 439 72 486 232
person 206 77 279 333
person 333 51 458 382
person 161 40 291 373
person 314 114 356 164
person 439 72 486 232
person 206 77 279 333
