person 224 78 403 469
person 265 121 295 162
person 143 112 212 225
person 141 125 173 210
person 224 78 403 469
person 265 121 295 162
person 143 112 212 225
person 141 125 173 210
person 224 78 403 469
person 265 121 295 162
person 143 112 212 225
person 141 125 173 210
person 224 78 403 469
person 265 121 295 162
person 143 112 212 225
person 141 125 173 210
person 224 78 403 469
person 265 121 295 162
person 143 112 212 225
person 141 125 173 210
person 224 78 403 469
person 265 121 295 162
person 143 112 212 225
person 141 125 173 210
