person 151 149 190 181
person 186 147 209 171
person 213 145 246 179
person 262 140 282 176
person 465 145 495 176
person 413 144 446 183
person 276 146 301 172
person 288 143 312 182
person 442 137 473 173
person 0 147 43 246
person 151 149 190 181
person 186 147 209 171
person 213 145 246 179
person 262 140 282 176
person 465 145 495 176
person 413 144 446 183
person 276 146 301 172
person 288 143 312 182
person 442 137 473 173
person 0 147 43 246
person 151 149 190 181
person 186 147 209 171
person 213 145 246 179
person 262 140 282 176
person 465 145 495 176
person 413 144 446 183
person 276 146 301 172
person 288 143 312 182
person 442 137 473 173
person 0 147 43 246
person 151 149 190 181
person 186 147 209 171
person 213 145 246 179
person 262 140 282 176
person 465 145 495 176
person 413 144 446 183
person 276 146 301 172
person 288 143 312 182
person 442 137 473 173
person 0 147 43 246
person 151 149 190 181
person 186 147 209 171
person 213 145 246 179
person 262 140 282 176
person 465 145 495 176
person 413 144 446 183
person 276 146 301 172
person 288 143 312 182
person 442 137 473 173
person 0 147 43 246
person 151 149 190 181
person 186 147 209 171
person 213 145 246 179
person 262 140 282 176
person 465 145 495 176
person 413 144 446 183
person 276 146 301 172
person 288 143 312 182
person 442 137 473 173
person 0 147 43 246
