person 322 234 352 351
person 125 246 217 270
person 219 204 272 302
person 369 253 489 284
person 269 244 329 346
person 161 246 233 274
person 322 234 352 351
person 125 246 217 270
person 219 204 272 302
person 369 253 489 284
person 269 244 329 346
person 161 246 233 274
person 322 234 352 351
person 125 246 217 270
person 219 204 272 302
person 369 253 489 284
person 269 244 329 346
person 161 246 233 274
person 322 234 352 351
person 125 246 217 270
person 219 204 272 302
person 369 253 489 284
person 269 244 329 346
person 161 246 233 274
person 322 234 352 351
person 125 246 217 270
person 219 204 272 302
person 369 253 489 284
person 269 244 329 346
person 161 246 233 274
person 322 234 352 351
person 125 246 217 270
person 219 204 272 302
person 369 253 489 284
person 269 244 329 346
person 161 246 233 274
