person 378 390 393 425
person 596 400 608 425
person 477 398 488 424
person 390 408 400 425
person 378 390 393 425
person 596 400 608 425
person 477 398 488 424
person 390 408 400 425
person 378 390 393 425
person 596 400 608 425
person 477 398 488 424
person 390 408 400 425
person 378 390 393 425
person 596 400 608 425
person 477 398 488 424
person 390 408 400 425
person 378 390 393 425
person 596 400 608 425
person 477 398 488 424
person 390 408 400 425
person 378 390 393 425
person 596 400 608 425
person 477 398 488 424
person 390 408 400 425
