person 134 373 160 413
person 234 397 336 547
person 17 323 53 488
person 106 389 186 500
person 125 383 182 440
person 65 381 152 492
person 285 449 414 522
person 206 396 278 541
person 246 339 261 379
person 280 341 294 377
person 308 338 325 364
person 134 373 160 413
person 234 397 336 547
person 17 323 53 488
person 106 389 186 500
person 125 383 182 440
person 65 381 152 492
person 285 449 414 522
person 206 396 278 541
person 246 339 261 379
person 280 341 294 377
person 308 338 325 364
person 134 373 160 413
person 234 397 336 547
person 17 323 53 488
person 106 389 186 500
person 125 383 182 440
person 65 381 152 492
person 285 449 414 522
person 206 396 278 541
person 246 339 261 379
person 280 341 294 377
person 308 338 325 364
person 134 373 160 413
person 234 397 336 547
person 17 323 53 488
person 106 389 186 500
person 125 383 182 440
person 65 381 152 492
person 285 449 414 522
person 206 396 278 541
person 246 339 261 379
person 280 341 294 377
person 308 338 325 364
person 134 373 160 413
person 234 397 336 547
person 17 323 53 488
person 106 389 186 500
person 125 383 182 440
person 65 381 152 492
person 285 449 414 522
person 206 396 278 541
person 246 339 261 379
person 280 341 294 377
person 308 338 325 364
person 134 373 160 413
person 234 397 336 547
person 17 323 53 488
person 106 389 186 500
person 125 383 182 440
person 65 381 152 492
person 285 449 414 522
person 206 396 278 541
person 246 339 261 379
person 280 341 294 377
person 308 338 325 364
