person 255 167 337 395
person 525 280 561 344
person 560 274 598 363
person 410 271 460 335
person 342 268 366 300
person 363 270 384 297
person 114 269 149 400
person 48 275 79 343
person 329 270 338 291
person 384 270 418 309
person 508 283 535 385
person 0 276 71 480
person 255 167 337 395
person 525 280 561 344
person 560 274 598 363
person 410 271 460 335
person 342 268 366 300
person 363 270 384 297
person 114 269 149 400
person 48 275 79 343
person 329 270 338 291
person 384 270 418 309
person 508 283 535 385
person 0 276 71 480
person 255 167 337 395
person 525 280 561 344
person 560 274 598 363
person 410 271 460 335
person 342 268 366 300
person 363 270 384 297
person 114 269 149 400
person 48 275 79 343
person 329 270 338 291
person 384 270 418 309
person 508 283 535 385
person 0 276 71 480
person 255 167 337 395
person 525 280 561 344
person 560 274 598 363
person 410 271 460 335
person 342 268 366 300
person 363 270 384 297
person 114 269 149 400
person 48 275 79 343
person 329 270 338 291
person 384 270 418 309
person 508 283 535 385
person 0 276 71 480
person 255 167 337 395
person 525 280 561 344
person 560 274 598 363
person 410 271 460 335
person 342 268 366 300
person 363 270 384 297
person 114 269 149 400
person 48 275 79 343
person 329 270 338 291
person 384 270 418 309
person 508 283 535 385
person 0 276 71 480
person 255 167 337 395
person 525 280 561 344
person 560 274 598 363
person 410 271 460 335
person 342 268 366 300
person 363 270 384 297
person 114 269 149 400
person 48 275 79 343
person 329 270 338 291
person 384 270 418 309
person 508 283 535 385
person 0 276 71 480
