person 194 38 396 368
person 223 2 500 369
person 378 0 472 152
person 345 0 378 82
person 194 38 396 368
person 223 2 500 369
person 378 0 472 152
person 345 0 378 82
person 194 38 396 368
person 223 2 500 369
person 378 0 472 152
person 345 0 378 82
person 194 38 396 368
person 223 2 500 369
person 378 0 472 152
person 345 0 378 82
person 194 38 396 368
person 223 2 500 369
person 378 0 472 152
person 345 0 378 82
person 194 38 396 368
person 223 2 500 369
person 378 0 472 152
person 345 0 378 82
