person 394 136 565 380
person 8 130 111 275
person 414 142 448 237
person 305 118 423 231
person 251 130 325 224
person 381 128 415 197
person 129 135 155 160
person 102 137 134 184
person 419 186 452 242
person 186 127 339 299
person 58 180 255 420
person 129 145 191 192
person 0 143 37 189
person 394 136 565 380
person 8 130 111 275
person 414 142 448 237
person 305 118 423 231
person 251 130 325 224
person 381 128 415 197
person 129 135 155 160
person 102 137 134 184
person 419 186 452 242
person 186 127 339 299
person 58 180 255 420
person 129 145 191 192
person 0 143 37 189
person 394 136 565 380
person 8 130 111 275
person 414 142 448 237
person 305 118 423 231
person 251 130 325 224
person 381 128 415 197
person 129 135 155 160
person 102 137 134 184
person 419 186 452 242
person 186 127 339 299
person 58 180 255 420
person 129 145 191 192
person 0 143 37 189
person 394 136 565 380
person 8 130 111 275
person 414 142 448 237
person 305 118 423 231
person 251 130 325 224
person 381 128 415 197
person 129 135 155 160
person 102 137 134 184
person 419 186 452 242
person 186 127 339 299
person 58 180 255 420
person 129 145 191 192
person 0 143 37 189
person 394 136 565 380
person 8 130 111 275
person 414 142 448 237
person 305 118 423 231
person 251 130 325 224
person 381 128 415 197
person 129 135 155 160
person 102 137 134 184
person 419 186 452 242
person 186 127 339 299
person 58 180 255 420
person 129 145 191 192
person 0 143 37 189
person 394 136 565 380
person 8 130 111 275
person 414 142 448 237
person 305 118 423 231
person 251 130 325 224
person 381 128 415 197
person 129 135 155 160
person 102 137 134 184
person 419 186 452 242
person 186 127 339 299
person 58 180 255 420
person 129 145 191 192
person 0 143 37 189
