person 345 132 443 315
person 183 152 237 253
person 258 160 334 235
person 0 1 168 428
person 411 82 624 395
person 97 130 263 355
person 302 164 367 244
person 345 132 443 315
person 183 152 237 253
person 258 160 334 235
person 0 1 168 428
person 411 82 624 395
person 97 130 263 355
person 302 164 367 244
person 345 132 443 315
person 183 152 237 253
person 258 160 334 235
person 0 1 168 428
person 411 82 624 395
person 97 130 263 355
person 302 164 367 244
person 345 132 443 315
person 183 152 237 253
person 258 160 334 235
person 0 1 168 428
person 411 82 624 395
person 97 130 263 355
person 302 164 367 244
person 345 132 443 315
person 183 152 237 253
person 258 160 334 235
person 0 1 168 428
person 411 82 624 395
person 97 130 263 355
person 302 164 367 244
person 345 132 443 315
person 183 152 237 253
person 258 160 334 235
person 0 1 168 428
person 411 82 624 395
person 97 130 263 355
person 302 164 367 244
