person 58 137 368 434
person 264 100 425 325
person 15 118 154 435
person 138 100 204 143
person 1 66 68 222
person 272 131 335 223
person 58 137 368 434
person 264 100 425 325
person 15 118 154 435
person 138 100 204 143
person 1 66 68 222
person 272 131 335 223
person 58 137 368 434
person 264 100 425 325
person 15 118 154 435
person 138 100 204 143
person 1 66 68 222
person 272 131 335 223
person 58 137 368 434
person 264 100 425 325
person 15 118 154 435
person 138 100 204 143
person 1 66 68 222
person 272 131 335 223
person 58 137 368 434
person 264 100 425 325
person 15 118 154 435
person 138 100 204 143
person 1 66 68 222
person 272 131 335 223
person 58 137 368 434
person 264 100 425 325
person 15 118 154 435
person 138 100 204 143
person 1 66 68 222
person 272 131 335 223
