person 0 4 193 277
person 109 49 279 356
person 276 0 561 467
person 446 42 640 474
person 0 4 193 277
person 109 49 279 356
person 276 0 561 467
person 446 42 640 474
person 0 4 193 277
person 109 49 279 356
person 276 0 561 467
person 446 42 640 474
person 0 4 193 277
person 109 49 279 356
person 276 0 561 467
person 446 42 640 474
person 0 4 193 277
person 109 49 279 356
person 276 0 561 467
person 446 42 640 474
person 0 4 193 277
person 109 49 279 356
person 276 0 561 467
person 446 42 640 474
