person 581 200 615 280
person 24 209 35 226
person 36 213 45 241
person 504 221 533 282
person 474 218 500 286
person 517 200 527 212
person 205 185 234 234
person 532 197 541 217
person 360 179 396 215
person 581 200 615 280
person 24 209 35 226
person 36 213 45 241
person 504 221 533 282
person 474 218 500 286
person 517 200 527 212
person 205 185 234 234
person 532 197 541 217
person 360 179 396 215
person 581 200 615 280
person 24 209 35 226
person 36 213 45 241
person 504 221 533 282
person 474 218 500 286
person 517 200 527 212
person 205 185 234 234
person 532 197 541 217
person 360 179 396 215
person 581 200 615 280
person 24 209 35 226
person 36 213 45 241
person 504 221 533 282
person 474 218 500 286
person 517 200 527 212
person 205 185 234 234
person 532 197 541 217
person 360 179 396 215
person 581 200 615 280
person 24 209 35 226
person 36 213 45 241
person 504 221 533 282
person 474 218 500 286
person 517 200 527 212
person 205 185 234 234
person 532 197 541 217
person 360 179 396 215
person 581 200 615 280
person 24 209 35 226
person 36 213 45 241
person 504 221 533 282
person 474 218 500 286
person 517 200 527 212
person 205 185 234 234
person 532 197 541 217
person 360 179 396 215
