person 299 309 480 636
person 194 69 388 593
person 133 207 263 475
person 0 117 165 565
person 101 199 151 319
person 137 243 170 329
person 426 202 479 351
person 377 234 441 320
person 370 246 398 301
person 299 309 480 636
person 194 69 388 593
person 133 207 263 475
person 0 117 165 565
person 101 199 151 319
person 137 243 170 329
person 426 202 479 351
person 377 234 441 320
person 370 246 398 301
person 299 309 480 636
person 194 69 388 593
person 133 207 263 475
person 0 117 165 565
person 101 199 151 319
person 137 243 170 329
person 426 202 479 351
person 377 234 441 320
person 370 246 398 301
person 299 309 480 636
person 194 69 388 593
person 133 207 263 475
person 0 117 165 565
person 101 199 151 319
person 137 243 170 329
person 426 202 479 351
person 377 234 441 320
person 370 246 398 301
person 299 309 480 636
person 194 69 388 593
person 133 207 263 475
person 0 117 165 565
person 101 199 151 319
person 137 243 170 329
person 426 202 479 351
person 377 234 441 320
person 370 246 398 301
person 299 309 480 636
person 194 69 388 593
person 133 207 263 475
person 0 117 165 565
person 101 199 151 319
person 137 243 170 329
person 426 202 479 351
person 377 234 441 320
person 370 246 398 301
