person 264 306 287 334
person 258 327 288 361
person 227 313 257 343
person 215 315 231 340
person 166 282 191 326
person 148 214 156 230
person 147 204 158 234
person 137 215 145 233
person 264 306 287 334
person 258 327 288 361
person 227 313 257 343
person 215 315 231 340
person 166 282 191 326
person 148 214 156 230
person 147 204 158 234
person 137 215 145 233
person 264 306 287 334
person 258 327 288 361
person 227 313 257 343
person 215 315 231 340
person 166 282 191 326
person 148 214 156 230
person 147 204 158 234
person 137 215 145 233
person 264 306 287 334
person 258 327 288 361
person 227 313 257 343
person 215 315 231 340
person 166 282 191 326
person 148 214 156 230
person 147 204 158 234
person 137 215 145 233
person 264 306 287 334
person 258 327 288 361
person 227 313 257 343
person 215 315 231 340
person 166 282 191 326
person 148 214 156 230
person 147 204 158 234
person 137 215 145 233
person 264 306 287 334
person 258 327 288 361
person 227 313 257 343
person 215 315 231 340
person 166 282 191 326
person 148 214 156 230
person 147 204 158 234
person 137 215 145 233
