person 213 82 348 392
person 414 128 452 228
person 439 127 541 323
person 311 100 406 359
person 584 138 640 256
person 392 60 418 133
person 213 82 348 392
person 414 128 452 228
person 439 127 541 323
person 311 100 406 359
person 584 138 640 256
person 392 60 418 133
person 213 82 348 392
person 414 128 452 228
person 439 127 541 323
person 311 100 406 359
person 584 138 640 256
person 392 60 418 133
person 213 82 348 392
person 414 128 452 228
person 439 127 541 323
person 311 100 406 359
person 584 138 640 256
person 392 60 418 133
person 213 82 348 392
person 414 128 452 228
person 439 127 541 323
person 311 100 406 359
person 584 138 640 256
person 392 60 418 133
person 213 82 348 392
person 414 128 452 228
person 439 127 541 323
person 311 100 406 359
person 584 138 640 256
person 392 60 418 133
