person 186 30 533 498
person 363 2 516 194
person 546 1 640 248
person 110 0 228 184
person 213 0 326 132
person 186 30 533 498
person 363 2 516 194
person 546 1 640 248
person 110 0 228 184
person 213 0 326 132
person 186 30 533 498
person 363 2 516 194
person 546 1 640 248
person 110 0 228 184
person 213 0 326 132
person 186 30 533 498
person 363 2 516 194
person 546 1 640 248
person 110 0 228 184
person 213 0 326 132
person 186 30 533 498
person 363 2 516 194
person 546 1 640 248
person 110 0 228 184
person 213 0 326 132
person 186 30 533 498
person 363 2 516 194
person 546 1 640 248
person 110 0 228 184
person 213 0 326 132
