person 58 80 560 530
person 589 390 599 408
person 579 389 587 408
person 567 397 572 417
person 600 391 606 404
person 58 80 560 530
person 589 390 599 408
person 579 389 587 408
person 567 397 572 417
person 600 391 606 404
person 58 80 560 530
person 589 390 599 408
person 579 389 587 408
person 567 397 572 417
person 600 391 606 404
person 58 80 560 530
person 589 390 599 408
person 579 389 587 408
person 567 397 572 417
person 600 391 606 404
person 58 80 560 530
person 589 390 599 408
person 579 389 587 408
person 567 397 572 417
person 600 391 606 404
person 58 80 560 530
person 589 390 599 408
person 579 389 587 408
person 567 397 572 417
person 600 391 606 404
