person 107 103 298 385
person 190 105 285 235
person 279 85 515 372
person 0 0 79 233
person 387 0 424 53
person 341 83 475 308
person 498 0 635 234
person 68 0 178 160
person 165 0 248 68
person 48 0 85 61
person 107 103 298 385
person 190 105 285 235
person 279 85 515 372
person 0 0 79 233
person 387 0 424 53
person 341 83 475 308
person 498 0 635 234
person 68 0 178 160
person 165 0 248 68
person 48 0 85 61
person 107 103 298 385
person 190 105 285 235
person 279 85 515 372
person 0 0 79 233
person 387 0 424 53
person 341 83 475 308
person 498 0 635 234
person 68 0 178 160
person 165 0 248 68
person 48 0 85 61
person 107 103 298 385
person 190 105 285 235
person 279 85 515 372
person 0 0 79 233
person 387 0 424 53
person 341 83 475 308
person 498 0 635 234
person 68 0 178 160
person 165 0 248 68
person 48 0 85 61
person 107 103 298 385
person 190 105 285 235
person 279 85 515 372
person 0 0 79 233
person 387 0 424 53
person 341 83 475 308
person 498 0 635 234
person 68 0 178 160
person 165 0 248 68
person 48 0 85 61
person 107 103 298 385
person 190 105 285 235
person 279 85 515 372
person 0 0 79 233
person 387 0 424 53
person 341 83 475 308
person 498 0 635 234
person 68 0 178 160
person 165 0 248 68
person 48 0 85 61
