person 510 206 524 233
person 534 211 541 230
person 450 196 483 283
person 600 204 615 237
person 587 205 600 238
person 510 206 524 233
person 534 211 541 230
person 450 196 483 283
person 600 204 615 237
person 587 205 600 238
person 510 206 524 233
person 534 211 541 230
person 450 196 483 283
person 600 204 615 237
person 587 205 600 238
person 510 206 524 233
person 534 211 541 230
person 450 196 483 283
person 600 204 615 237
person 587 205 600 238
person 510 206 524 233
person 534 211 541 230
person 450 196 483 283
person 600 204 615 237
person 587 205 600 238
person 510 206 524 233
person 534 211 541 230
person 450 196 483 283
person 600 204 615 237
person 587 205 600 238
