person 309 112 362 253
person 17 112 44 186
person 567 146 590 191
person 302 119 314 131
person 300 128 320 245
person 309 112 362 253
person 17 112 44 186
person 567 146 590 191
person 302 119 314 131
person 300 128 320 245
person 309 112 362 253
person 17 112 44 186
person 567 146 590 191
person 302 119 314 131
person 300 128 320 245
person 309 112 362 253
person 17 112 44 186
person 567 146 590 191
person 302 119 314 131
person 300 128 320 245
person 309 112 362 253
person 17 112 44 186
person 567 146 590 191
person 302 119 314 131
person 300 128 320 245
person 309 112 362 253
person 17 112 44 186
person 567 146 590 191
person 302 119 314 131
person 300 128 320 245
