person 45 122 84 268
person 593 120 640 339
person 270 127 292 179
person 356 123 365 138
person 371 127 376 138
person 385 130 393 140
person 400 128 409 137
person 347 127 354 137
person 375 140 509 382
person 0 111 43 272
person 45 122 84 268
person 593 120 640 339
person 270 127 292 179
person 356 123 365 138
person 371 127 376 138
person 385 130 393 140
person 400 128 409 137
person 347 127 354 137
person 375 140 509 382
person 0 111 43 272
person 45 122 84 268
person 593 120 640 339
person 270 127 292 179
person 356 123 365 138
person 371 127 376 138
person 385 130 393 140
person 400 128 409 137
person 347 127 354 137
person 375 140 509 382
person 0 111 43 272
person 45 122 84 268
person 593 120 640 339
person 270 127 292 179
person 356 123 365 138
person 371 127 376 138
person 385 130 393 140
person 400 128 409 137
person 347 127 354 137
person 375 140 509 382
person 0 111 43 272
person 45 122 84 268
person 593 120 640 339
person 270 127 292 179
person 356 123 365 138
person 371 127 376 138
person 385 130 393 140
person 400 128 409 137
person 347 127 354 137
person 375 140 509 382
person 0 111 43 272
person 45 122 84 268
person 593 120 640 339
person 270 127 292 179
person 356 123 365 138
person 371 127 376 138
person 385 130 393 140
person 400 128 409 137
person 347 127 354 137
person 375 140 509 382
person 0 111 43 272
