person 284 318 330 404
person 223 328 266 390
person 126 330 159 378
person 330 366 360 401
person 176 324 215 380
person 362 384 377 405
person 372 378 405 514
person 284 318 330 404
person 223 328 266 390
person 126 330 159 378
person 330 366 360 401
person 176 324 215 380
person 362 384 377 405
person 372 378 405 514
person 284 318 330 404
person 223 328 266 390
person 126 330 159 378
person 330 366 360 401
person 176 324 215 380
person 362 384 377 405
person 372 378 405 514
person 284 318 330 404
person 223 328 266 390
person 126 330 159 378
person 330 366 360 401
person 176 324 215 380
person 362 384 377 405
person 372 378 405 514
person 284 318 330 404
person 223 328 266 390
person 126 330 159 378
person 330 366 360 401
person 176 324 215 380
person 362 384 377 405
person 372 378 405 514
person 284 318 330 404
person 223 328 266 390
person 126 330 159 378
person 330 366 360 401
person 176 324 215 380
person 362 384 377 405
person 372 378 405 514
