person 114 108 545 480
person 468 91 498 181
person 430 88 462 183
person 401 117 429 180
person 370 98 390 135
person 355 92 372 121
person 13 99 20 119
person 339 100 353 111
person 30 114 62 168
person 388 98 408 157
person 114 108 545 480
person 468 91 498 181
person 430 88 462 183
person 401 117 429 180
person 370 98 390 135
person 355 92 372 121
person 13 99 20 119
person 339 100 353 111
person 30 114 62 168
person 388 98 408 157
person 114 108 545 480
person 468 91 498 181
person 430 88 462 183
person 401 117 429 180
person 370 98 390 135
person 355 92 372 121
person 13 99 20 119
person 339 100 353 111
person 30 114 62 168
person 388 98 408 157
person 114 108 545 480
person 468 91 498 181
person 430 88 462 183
person 401 117 429 180
person 370 98 390 135
person 355 92 372 121
person 13 99 20 119
person 339 100 353 111
person 30 114 62 168
person 388 98 408 157
person 114 108 545 480
person 468 91 498 181
person 430 88 462 183
person 401 117 429 180
person 370 98 390 135
person 355 92 372 121
person 13 99 20 119
person 339 100 353 111
person 30 114 62 168
person 388 98 408 157
person 114 108 545 480
person 468 91 498 181
person 430 88 462 183
person 401 117 429 180
person 370 98 390 135
person 355 92 372 121
person 13 99 20 119
person 339 100 353 111
person 30 114 62 168
person 388 98 408 157
