person 214 169 402 421
person 0 174 63 312
person 601 244 640 376
person 0 347 181 427
person 0 255 84 383
person 453 236 569 427
person 516 238 564 381
person 467 222 494 264
person 177 331 248 426
person 214 169 402 421
person 0 174 63 312
person 601 244 640 376
person 0 347 181 427
person 0 255 84 383
person 453 236 569 427
person 516 238 564 381
person 467 222 494 264
person 177 331 248 426
person 214 169 402 421
person 0 174 63 312
person 601 244 640 376
person 0 347 181 427
person 0 255 84 383
person 453 236 569 427
person 516 238 564 381
person 467 222 494 264
person 177 331 248 426
person 214 169 402 421
person 0 174 63 312
person 601 244 640 376
person 0 347 181 427
person 0 255 84 383
person 453 236 569 427
person 516 238 564 381
person 467 222 494 264
person 177 331 248 426
person 214 169 402 421
person 0 174 63 312
person 601 244 640 376
person 0 347 181 427
person 0 255 84 383
person 453 236 569 427
person 516 238 564 381
person 467 222 494 264
person 177 331 248 426
person 214 169 402 421
person 0 174 63 312
person 601 244 640 376
person 0 347 181 427
person 0 255 84 383
person 453 236 569 427
person 516 238 564 381
person 467 222 494 264
person 177 331 248 426
