person 118 277 143 350
person 143 268 176 350
person 184 289 194 319
person 595 278 617 335
person 475 266 489 301
person 454 263 462 291
person 562 273 586 318
person 107 295 121 331
person 531 277 560 316
person 446 269 451 285
person 118 277 143 350
person 143 268 176 350
person 184 289 194 319
person 595 278 617 335
person 475 266 489 301
person 454 263 462 291
person 562 273 586 318
person 107 295 121 331
person 531 277 560 316
person 446 269 451 285
person 118 277 143 350
person 143 268 176 350
person 184 289 194 319
person 595 278 617 335
person 475 266 489 301
person 454 263 462 291
person 562 273 586 318
person 107 295 121 331
person 531 277 560 316
person 446 269 451 285
person 118 277 143 350
person 143 268 176 350
person 184 289 194 319
person 595 278 617 335
person 475 266 489 301
person 454 263 462 291
person 562 273 586 318
person 107 295 121 331
person 531 277 560 316
person 446 269 451 285
person 118 277 143 350
person 143 268 176 350
person 184 289 194 319
person 595 278 617 335
person 475 266 489 301
person 454 263 462 291
person 562 273 586 318
person 107 295 121 331
person 531 277 560 316
person 446 269 451 285
person 118 277 143 350
person 143 268 176 350
person 184 289 194 319
person 595 278 617 335
person 475 266 489 301
person 454 263 462 291
person 562 273 586 318
person 107 295 121 331
person 531 277 560 316
person 446 269 451 285
