person 248 151 272 197
person 168 158 180 177
person 43 140 51 162
person 37 140 45 162
person 334 175 363 191
person 236 150 250 197
person 387 139 397 150
person 395 140 401 150
person 194 155 215 184
person 248 151 272 197
person 168 158 180 177
person 43 140 51 162
person 37 140 45 162
person 334 175 363 191
person 236 150 250 197
person 387 139 397 150
person 395 140 401 150
person 194 155 215 184
person 248 151 272 197
person 168 158 180 177
person 43 140 51 162
person 37 140 45 162
person 334 175 363 191
person 236 150 250 197
person 387 139 397 150
person 395 140 401 150
person 194 155 215 184
person 248 151 272 197
person 168 158 180 177
person 43 140 51 162
person 37 140 45 162
person 334 175 363 191
person 236 150 250 197
person 387 139 397 150
person 395 140 401 150
person 194 155 215 184
person 248 151 272 197
person 168 158 180 177
person 43 140 51 162
person 37 140 45 162
person 334 175 363 191
person 236 150 250 197
person 387 139 397 150
person 395 140 401 150
person 194 155 215 184
person 248 151 272 197
person 168 158 180 177
person 43 140 51 162
person 37 140 45 162
person 334 175 363 191
person 236 150 250 197
person 387 139 397 150
person 395 140 401 150
person 194 155 215 184
