person 213 158 315 244
person 159 235 218 308
person 71 187 196 378
person 190 53 624 452
person 0 232 28 289
person 209 267 237 300
person 32 229 91 294
person 0 301 108 451
person 213 158 315 244
person 159 235 218 308
person 71 187 196 378
person 190 53 624 452
person 0 232 28 289
person 209 267 237 300
person 32 229 91 294
person 0 301 108 451
person 213 158 315 244
person 159 235 218 308
person 71 187 196 378
person 190 53 624 452
person 0 232 28 289
person 209 267 237 300
person 32 229 91 294
person 0 301 108 451
person 213 158 315 244
person 159 235 218 308
person 71 187 196 378
person 190 53 624 452
person 0 232 28 289
person 209 267 237 300
person 32 229 91 294
person 0 301 108 451
person 213 158 315 244
person 159 235 218 308
person 71 187 196 378
person 190 53 624 452
person 0 232 28 289
person 209 267 237 300
person 32 229 91 294
person 0 301 108 451
person 213 158 315 244
person 159 235 218 308
person 71 187 196 378
person 190 53 624 452
person 0 232 28 289
person 209 267 237 300
person 32 229 91 294
person 0 301 108 451
