person 403 152 505 427
person 0 112 159 422
person 250 153 344 377
person 214 100 423 423
person 403 152 505 427
person 0 112 159 422
person 250 153 344 377
person 214 100 423 423
person 403 152 505 427
person 0 112 159 422
person 250 153 344 377
person 214 100 423 423
person 403 152 505 427
person 0 112 159 422
person 250 153 344 377
person 214 100 423 423
person 403 152 505 427
person 0 112 159 422
person 250 153 344 377
person 214 100 423 423
person 403 152 505 427
person 0 112 159 422
person 250 153 344 377
person 214 100 423 423
