person 177 229 280 347
person 129 175 179 323
person 177 180 225 284
person 100 217 134 249
person 177 229 280 347
person 129 175 179 323
person 177 180 225 284
person 100 217 134 249
person 177 229 280 347
person 129 175 179 323
person 177 180 225 284
person 100 217 134 249
person 177 229 280 347
person 129 175 179 323
person 177 180 225 284
person 100 217 134 249
person 177 229 280 347
person 129 175 179 323
person 177 180 225 284
person 100 217 134 249
person 177 229 280 347
person 129 175 179 323
person 177 180 225 284
person 100 217 134 249
