person 285 337 358 427
person 362 344 431 426
person 293 399 324 426
person 47 81 253 422
person 0 350 61 427
person 400 1 600 427
person 285 337 358 427
person 362 344 431 426
person 293 399 324 426
person 47 81 253 422
person 0 350 61 427
person 400 1 600 427
person 285 337 358 427
person 362 344 431 426
person 293 399 324 426
person 47 81 253 422
person 0 350 61 427
person 400 1 600 427
person 285 337 358 427
person 362 344 431 426
person 293 399 324 426
person 47 81 253 422
person 0 350 61 427
person 400 1 600 427
person 285 337 358 427
person 362 344 431 426
person 293 399 324 426
person 47 81 253 422
person 0 350 61 427
person 400 1 600 427
person 285 337 358 427
person 362 344 431 426
person 293 399 324 426
person 47 81 253 422
person 0 350 61 427
person 400 1 600 427
