person 452 175 501 251
person 298 114 423 250
person 203 181 296 285
person 486 257 640 463
person 0 44 184 480
person 452 175 501 251
person 298 114 423 250
person 203 181 296 285
person 486 257 640 463
person 0 44 184 480
person 452 175 501 251
person 298 114 423 250
person 203 181 296 285
person 486 257 640 463
person 0 44 184 480
person 452 175 501 251
person 298 114 423 250
person 203 181 296 285
person 486 257 640 463
person 0 44 184 480
person 452 175 501 251
person 298 114 423 250
person 203 181 296 285
person 486 257 640 463
person 0 44 184 480
person 452 175 501 251
person 298 114 423 250
person 203 181 296 285
person 486 257 640 463
person 0 44 184 480
