person 298 173 372 295
person 156 168 233 257
person 297 183 310 193
person 274 184 290 194
person 286 228 299 264
person 302 216 317 229
person 8 226 23 266
person 298 173 372 295
person 156 168 233 257
person 297 183 310 193
person 274 184 290 194
person 286 228 299 264
person 302 216 317 229
person 8 226 23 266
person 298 173 372 295
person 156 168 233 257
person 297 183 310 193
person 274 184 290 194
person 286 228 299 264
person 302 216 317 229
person 8 226 23 266
person 298 173 372 295
person 156 168 233 257
person 297 183 310 193
person 274 184 290 194
person 286 228 299 264
person 302 216 317 229
person 8 226 23 266
person 298 173 372 295
person 156 168 233 257
person 297 183 310 193
person 274 184 290 194
person 286 228 299 264
person 302 216 317 229
person 8 226 23 266
person 298 173 372 295
person 156 168 233 257
person 297 183 310 193
person 274 184 290 194
person 286 228 299 264
person 302 216 317 229
person 8 226 23 266
