person 0 168 50 287
person 183 158 233 256
person 94 160 146 261
person 280 163 311 249
person 476 163 499 242
person 252 175 262 188
person 303 161 351 249
person 352 164 391 232
person 278 174 290 210
person 180 173 186 181
person 0 168 50 287
person 183 158 233 256
person 94 160 146 261
person 280 163 311 249
person 476 163 499 242
person 252 175 262 188
person 303 161 351 249
person 352 164 391 232
person 278 174 290 210
person 180 173 186 181
person 0 168 50 287
person 183 158 233 256
person 94 160 146 261
person 280 163 311 249
person 476 163 499 242
person 252 175 262 188
person 303 161 351 249
person 352 164 391 232
person 278 174 290 210
person 180 173 186 181
person 0 168 50 287
person 183 158 233 256
person 94 160 146 261
person 280 163 311 249
person 476 163 499 242
person 252 175 262 188
person 303 161 351 249
person 352 164 391 232
person 278 174 290 210
person 180 173 186 181
person 0 168 50 287
person 183 158 233 256
person 94 160 146 261
person 280 163 311 249
person 476 163 499 242
person 252 175 262 188
person 303 161 351 249
person 352 164 391 232
person 278 174 290 210
person 180 173 186 181
person 0 168 50 287
person 183 158 233 256
person 94 160 146 261
person 280 163 311 249
person 476 163 499 242
person 252 175 262 188
person 303 161 351 249
person 352 164 391 232
person 278 174 290 210
person 180 173 186 181
