person 262 154 446 319
person 406 109 522 227
person 415 45 504 133
person 373 185 402 210
person 171 87 328 281
person 262 154 446 319
person 406 109 522 227
person 415 45 504 133
person 373 185 402 210
person 171 87 328 281
person 262 154 446 319
person 406 109 522 227
person 415 45 504 133
person 373 185 402 210
person 171 87 328 281
person 262 154 446 319
person 406 109 522 227
person 415 45 504 133
person 373 185 402 210
person 171 87 328 281
person 262 154 446 319
person 406 109 522 227
person 415 45 504 133
person 373 185 402 210
person 171 87 328 281
person 262 154 446 319
person 406 109 522 227
person 415 45 504 133
person 373 185 402 210
person 171 87 328 281
