person 322 109 640 414
person 520 54 565 104
person 489 62 513 93
person 574 28 639 215
person 322 109 640 414
person 520 54 565 104
person 489 62 513 93
person 574 28 639 215
person 322 109 640 414
person 520 54 565 104
person 489 62 513 93
person 574 28 639 215
person 322 109 640 414
person 520 54 565 104
person 489 62 513 93
person 574 28 639 215
person 322 109 640 414
person 520 54 565 104
person 489 62 513 93
person 574 28 639 215
person 322 109 640 414
person 520 54 565 104
person 489 62 513 93
person 574 28 639 215
