person 268 129 517 366
person 320 274 408 396
person 470 313 590 402
person 174 293 247 387
person 47 283 158 392
person 268 129 517 366
person 320 274 408 396
person 470 313 590 402
person 174 293 247 387
person 47 283 158 392
person 268 129 517 366
person 320 274 408 396
person 470 313 590 402
person 174 293 247 387
person 47 283 158 392
person 268 129 517 366
person 320 274 408 396
person 470 313 590 402
person 174 293 247 387
person 47 283 158 392
person 268 129 517 366
person 320 274 408 396
person 470 313 590 402
person 174 293 247 387
person 47 283 158 392
person 268 129 517 366
person 320 274 408 396
person 470 313 590 402
person 174 293 247 387
person 47 283 158 392
