person 48 170 134 461
person 114 171 196 394
person 234 177 283 347
person 309 168 355 346
person 2 184 30 361
person 266 178 317 364
person 48 170 134 461
person 114 171 196 394
person 234 177 283 347
person 309 168 355 346
person 2 184 30 361
person 266 178 317 364
person 48 170 134 461
person 114 171 196 394
person 234 177 283 347
person 309 168 355 346
person 2 184 30 361
person 266 178 317 364
person 48 170 134 461
person 114 171 196 394
person 234 177 283 347
person 309 168 355 346
person 2 184 30 361
person 266 178 317 364
person 48 170 134 461
person 114 171 196 394
person 234 177 283 347
person 309 168 355 346
person 2 184 30 361
person 266 178 317 364
person 48 170 134 461
person 114 171 196 394
person 234 177 283 347
person 309 168 355 346
person 2 184 30 361
person 266 178 317 364
