person 271 26 382 220
person 429 46 459 103
person 252 48 291 96
person 201 7 250 101
person 451 23 478 92
person 258 7 297 62
person 271 26 382 220
person 429 46 459 103
person 252 48 291 96
person 201 7 250 101
person 451 23 478 92
person 258 7 297 62
person 271 26 382 220
person 429 46 459 103
person 252 48 291 96
person 201 7 250 101
person 451 23 478 92
person 258 7 297 62
person 271 26 382 220
person 429 46 459 103
person 252 48 291 96
person 201 7 250 101
person 451 23 478 92
person 258 7 297 62
person 271 26 382 220
person 429 46 459 103
person 252 48 291 96
person 201 7 250 101
person 451 23 478 92
person 258 7 297 62
person 271 26 382 220
person 429 46 459 103
person 252 48 291 96
person 201 7 250 101
person 451 23 478 92
person 258 7 297 62
