person 31 39 266 608
person 274 80 493 533
person 173 64 222 130
person 57 42 90 87
person 0 35 31 232
person 31 39 266 608
person 274 80 493 533
person 173 64 222 130
person 57 42 90 87
person 0 35 31 232
person 31 39 266 608
person 274 80 493 533
person 173 64 222 130
person 57 42 90 87
person 0 35 31 232
person 31 39 266 608
person 274 80 493 533
person 173 64 222 130
person 57 42 90 87
person 0 35 31 232
person 31 39 266 608
person 274 80 493 533
person 173 64 222 130
person 57 42 90 87
person 0 35 31 232
person 31 39 266 608
person 274 80 493 533
person 173 64 222 130
person 57 42 90 87
person 0 35 31 232
