person 35 15 289 237
person 97 69 141 136
person 84 66 97 107
person 127 62 141 91
person 71 71 79 92
person 35 15 289 237
person 97 69 141 136
person 84 66 97 107
person 127 62 141 91
person 71 71 79 92
person 35 15 289 237
person 97 69 141 136
person 84 66 97 107
person 127 62 141 91
person 71 71 79 92
person 35 15 289 237
person 97 69 141 136
person 84 66 97 107
person 127 62 141 91
person 71 71 79 92
person 35 15 289 237
person 97 69 141 136
person 84 66 97 107
person 127 62 141 91
person 71 71 79 92
person 35 15 289 237
person 97 69 141 136
person 84 66 97 107
person 127 62 141 91
person 71 71 79 92
