person 0 199 34 361
person 31 206 63 304
person 57 216 69 239
person 77 217 92 262
person 68 219 78 255
person 75 216 81 229
person 0 199 34 361
person 31 206 63 304
person 57 216 69 239
person 77 217 92 262
person 68 219 78 255
person 75 216 81 229
person 0 199 34 361
person 31 206 63 304
person 57 216 69 239
person 77 217 92 262
person 68 219 78 255
person 75 216 81 229
person 0 199 34 361
person 31 206 63 304
person 57 216 69 239
person 77 217 92 262
person 68 219 78 255
person 75 216 81 229
person 0 199 34 361
person 31 206 63 304
person 57 216 69 239
person 77 217 92 262
person 68 219 78 255
person 75 216 81 229
person 0 199 34 361
person 31 206 63 304
person 57 216 69 239
person 77 217 92 262
person 68 219 78 255
person 75 216 81 229
