person 285 315 364 571
person 179 317 282 587
person 144 318 179 407
person 168 316 192 400
person 190 316 208 351
person 38 320 69 398
person 12 322 39 379
person 132 323 143 344
person 60 302 157 577
person 242 325 287 501
person 64 321 93 359
person 285 315 364 571
person 179 317 282 587
person 144 318 179 407
person 168 316 192 400
person 190 316 208 351
person 38 320 69 398
person 12 322 39 379
person 132 323 143 344
person 60 302 157 577
person 242 325 287 501
person 64 321 93 359
person 285 315 364 571
person 179 317 282 587
person 144 318 179 407
person 168 316 192 400
person 190 316 208 351
person 38 320 69 398
person 12 322 39 379
person 132 323 143 344
person 60 302 157 577
person 242 325 287 501
person 64 321 93 359
person 285 315 364 571
person 179 317 282 587
person 144 318 179 407
person 168 316 192 400
person 190 316 208 351
person 38 320 69 398
person 12 322 39 379
person 132 323 143 344
person 60 302 157 577
person 242 325 287 501
person 64 321 93 359
person 285 315 364 571
person 179 317 282 587
person 144 318 179 407
person 168 316 192 400
person 190 316 208 351
person 38 320 69 398
person 12 322 39 379
person 132 323 143 344
person 60 302 157 577
person 242 325 287 501
person 64 321 93 359
person 285 315 364 571
person 179 317 282 587
person 144 318 179 407
person 168 316 192 400
person 190 316 208 351
person 38 320 69 398
person 12 322 39 379
person 132 323 143 344
person 60 302 157 577
person 242 325 287 501
person 64 321 93 359
