person 126 195 205 329
person 309 149 398 290
person 8 6 70 118
person 195 241 293 334
person 126 195 205 329
person 309 149 398 290
person 8 6 70 118
person 195 241 293 334
person 126 195 205 329
person 309 149 398 290
person 8 6 70 118
person 195 241 293 334
person 126 195 205 329
person 309 149 398 290
person 8 6 70 118
person 195 241 293 334
person 126 195 205 329
person 309 149 398 290
person 8 6 70 118
person 195 241 293 334
person 126 195 205 329
person 309 149 398 290
person 8 6 70 118
person 195 241 293 334
