person 86 127 143 267
person 15 134 77 274
person 194 137 211 193
person 152 141 166 181
person 210 133 224 155
person 247 137 260 149
person 164 140 185 193
person 613 146 640 245
person 567 156 578 189
person 69 142 99 247
person 224 137 240 151
person 178 138 191 191
person 159 137 170 177
person 86 127 143 267
person 15 134 77 274
person 194 137 211 193
person 152 141 166 181
person 210 133 224 155
person 247 137 260 149
person 164 140 185 193
person 613 146 640 245
person 567 156 578 189
person 69 142 99 247
person 224 137 240 151
person 178 138 191 191
person 159 137 170 177
person 86 127 143 267
person 15 134 77 274
person 194 137 211 193
person 152 141 166 181
person 210 133 224 155
person 247 137 260 149
person 164 140 185 193
person 613 146 640 245
person 567 156 578 189
person 69 142 99 247
person 224 137 240 151
person 178 138 191 191
person 159 137 170 177
person 86 127 143 267
person 15 134 77 274
person 194 137 211 193
person 152 141 166 181
person 210 133 224 155
person 247 137 260 149
person 164 140 185 193
person 613 146 640 245
person 567 156 578 189
person 69 142 99 247
person 224 137 240 151
person 178 138 191 191
person 159 137 170 177
person 86 127 143 267
person 15 134 77 274
person 194 137 211 193
person 152 141 166 181
person 210 133 224 155
person 247 137 260 149
person 164 140 185 193
person 613 146 640 245
person 567 156 578 189
person 69 142 99 247
person 224 137 240 151
person 178 138 191 191
person 159 137 170 177
person 86 127 143 267
person 15 134 77 274
person 194 137 211 193
person 152 141 166 181
person 210 133 224 155
person 247 137 260 149
person 164 140 185 193
person 613 146 640 245
person 567 156 578 189
person 69 142 99 247
person 224 137 240 151
person 178 138 191 191
person 159 137 170 177
