person 350 208 567 426
person 278 108 355 212
person 470 124 602 294
person 114 193 196 345
person 130 129 213 266
person 338 37 396 171
person 143 178 333 417
person 322 108 431 251
person 350 208 567 426
person 278 108 355 212
person 470 124 602 294
person 114 193 196 345
person 130 129 213 266
person 338 37 396 171
person 143 178 333 417
person 322 108 431 251
person 350 208 567 426
person 278 108 355 212
person 470 124 602 294
person 114 193 196 345
person 130 129 213 266
person 338 37 396 171
person 143 178 333 417
person 322 108 431 251
person 350 208 567 426
person 278 108 355 212
person 470 124 602 294
person 114 193 196 345
person 130 129 213 266
person 338 37 396 171
person 143 178 333 417
person 322 108 431 251
person 350 208 567 426
person 278 108 355 212
person 470 124 602 294
person 114 193 196 345
person 130 129 213 266
person 338 37 396 171
person 143 178 333 417
person 322 108 431 251
person 350 208 567 426
person 278 108 355 212
person 470 124 602 294
person 114 193 196 345
person 130 129 213 266
person 338 37 396 171
person 143 178 333 417
person 322 108 431 251
