person 330 1 451 255
person 484 42 499 166
person 255 129 317 330
person 186 88 233 156
person 0 0 85 332
person 139 0 185 55
person 62 1 153 233
person 417 0 436 20
person 438 0 469 11
person 330 1 451 255
person 484 42 499 166
person 255 129 317 330
person 186 88 233 156
person 0 0 85 332
person 139 0 185 55
person 62 1 153 233
person 417 0 436 20
person 438 0 469 11
person 330 1 451 255
person 484 42 499 166
person 255 129 317 330
person 186 88 233 156
person 0 0 85 332
person 139 0 185 55
person 62 1 153 233
person 417 0 436 20
person 438 0 469 11
person 330 1 451 255
person 484 42 499 166
person 255 129 317 330
person 186 88 233 156
person 0 0 85 332
person 139 0 185 55
person 62 1 153 233
person 417 0 436 20
person 438 0 469 11
person 330 1 451 255
person 484 42 499 166
person 255 129 317 330
person 186 88 233 156
person 0 0 85 332
person 139 0 185 55
person 62 1 153 233
person 417 0 436 20
person 438 0 469 11
person 330 1 451 255
person 484 42 499 166
person 255 129 317 330
person 186 88 233 156
person 0 0 85 332
person 139 0 185 55
person 62 1 153 233
person 417 0 436 20
person 438 0 469 11
