person 270 168 420 329
person 3 140 135 335
person 168 195 215 259
person 14 175 58 268
person 397 196 426 275
person 241 206 281 265
person 270 168 420 329
person 3 140 135 335
person 168 195 215 259
person 14 175 58 268
person 397 196 426 275
person 241 206 281 265
person 270 168 420 329
person 3 140 135 335
person 168 195 215 259
person 14 175 58 268
person 397 196 426 275
person 241 206 281 265
person 270 168 420 329
person 3 140 135 335
person 168 195 215 259
person 14 175 58 268
person 397 196 426 275
person 241 206 281 265
person 270 168 420 329
person 3 140 135 335
person 168 195 215 259
person 14 175 58 268
person 397 196 426 275
person 241 206 281 265
person 270 168 420 329
person 3 140 135 335
person 168 195 215 259
person 14 175 58 268
person 397 196 426 275
person 241 206 281 265
