person 306 17 407 272
person 249 115 269 167
person 99 117 116 136
person 114 115 130 136
person 396 136 431 183
person 306 17 407 272
person 249 115 269 167
person 99 117 116 136
person 114 115 130 136
person 396 136 431 183
person 306 17 407 272
person 249 115 269 167
person 99 117 116 136
person 114 115 130 136
person 396 136 431 183
person 306 17 407 272
person 249 115 269 167
person 99 117 116 136
person 114 115 130 136
person 396 136 431 183
person 306 17 407 272
person 249 115 269 167
person 99 117 116 136
person 114 115 130 136
person 396 136 431 183
person 306 17 407 272
person 249 115 269 167
person 99 117 116 136
person 114 115 130 136
person 396 136 431 183
