person 250 42 491 461
person 409 40 637 472
person 451 29 508 84
person 426 87 450 135
person 250 42 491 461
person 409 40 637 472
person 451 29 508 84
person 426 87 450 135
person 250 42 491 461
person 409 40 637 472
person 451 29 508 84
person 426 87 450 135
person 250 42 491 461
person 409 40 637 472
person 451 29 508 84
person 426 87 450 135
person 250 42 491 461
person 409 40 637 472
person 451 29 508 84
person 426 87 450 135
person 250 42 491 461
person 409 40 637 472
person 451 29 508 84
person 426 87 450 135
