person 133 122 375 632
person 288 463 478 640
person 407 391 479 623
person 0 26 175 632
person 133 122 375 632
person 288 463 478 640
person 407 391 479 623
person 0 26 175 632
person 133 122 375 632
person 288 463 478 640
person 407 391 479 623
person 0 26 175 632
person 133 122 375 632
person 288 463 478 640
person 407 391 479 623
person 0 26 175 632
person 133 122 375 632
person 288 463 478 640
person 407 391 479 623
person 0 26 175 632
person 133 122 375 632
person 288 463 478 640
person 407 391 479 623
person 0 26 175 632
