person 106 98 119 115
person 390 85 428 144
person 186 107 220 159
person 496 75 514 103
person 61 219 80 249
person 106 98 119 115
person 390 85 428 144
person 186 107 220 159
person 496 75 514 103
person 61 219 80 249
person 106 98 119 115
person 390 85 428 144
person 186 107 220 159
person 496 75 514 103
person 61 219 80 249
person 106 98 119 115
person 390 85 428 144
person 186 107 220 159
person 496 75 514 103
person 61 219 80 249
person 106 98 119 115
person 390 85 428 144
person 186 107 220 159
person 496 75 514 103
person 61 219 80 249
person 106 98 119 115
person 390 85 428 144
person 186 107 220 159
person 496 75 514 103
person 61 219 80 249
