person 276 147 340 295
person 35 148 256 422
person 335 157 352 215
person 435 191 639 421
person 619 147 640 209
person 276 147 340 295
person 35 148 256 422
person 335 157 352 215
person 435 191 639 421
person 619 147 640 209
person 276 147 340 295
person 35 148 256 422
person 335 157 352 215
person 435 191 639 421
person 619 147 640 209
person 276 147 340 295
person 35 148 256 422
person 335 157 352 215
person 435 191 639 421
person 619 147 640 209
person 276 147 340 295
person 35 148 256 422
person 335 157 352 215
person 435 191 639 421
person 619 147 640 209
person 276 147 340 295
person 35 148 256 422
person 335 157 352 215
person 435 191 639 421
person 619 147 640 209
