person 36 88 388 421
person 178 44 430 353
person 494 229 640 425
person 0 0 50 141
person 36 88 388 421
person 178 44 430 353
person 494 229 640 425
person 0 0 50 141
person 36 88 388 421
person 178 44 430 353
person 494 229 640 425
person 0 0 50 141
person 36 88 388 421
person 178 44 430 353
person 494 229 640 425
person 0 0 50 141
person 36 88 388 421
person 178 44 430 353
person 494 229 640 425
person 0 0 50 141
person 36 88 388 421
person 178 44 430 353
person 494 229 640 425
person 0 0 50 141
