person 116 43 396 629
person 340 616 409 640
person 221 605 316 632
person 367 0 424 43
person 116 43 396 629
person 340 616 409 640
person 221 605 316 632
person 367 0 424 43
person 116 43 396 629
person 340 616 409 640
person 221 605 316 632
person 367 0 424 43
person 116 43 396 629
person 340 616 409 640
person 221 605 316 632
person 367 0 424 43
person 116 43 396 629
person 340 616 409 640
person 221 605 316 632
person 367 0 424 43
person 116 43 396 629
person 340 616 409 640
person 221 605 316 632
person 367 0 424 43
