person 452 100 475 160
person 305 108 327 132
person 432 98 453 152
person 56 102 75 135
person 61 95 112 191
person 487 94 511 146
person 323 102 367 181
person 540 96 578 142
person 584 87 606 138
person 614 83 636 144
person 610 85 621 139
person 464 95 485 148
person 452 100 475 160
person 305 108 327 132
person 432 98 453 152
person 56 102 75 135
person 61 95 112 191
person 487 94 511 146
person 323 102 367 181
person 540 96 578 142
person 584 87 606 138
person 614 83 636 144
person 610 85 621 139
person 464 95 485 148
person 452 100 475 160
person 305 108 327 132
person 432 98 453 152
person 56 102 75 135
person 61 95 112 191
person 487 94 511 146
person 323 102 367 181
person 540 96 578 142
person 584 87 606 138
person 614 83 636 144
person 610 85 621 139
person 464 95 485 148
person 452 100 475 160
person 305 108 327 132
person 432 98 453 152
person 56 102 75 135
person 61 95 112 191
person 487 94 511 146
person 323 102 367 181
person 540 96 578 142
person 584 87 606 138
person 614 83 636 144
person 610 85 621 139
person 464 95 485 148
person 452 100 475 160
person 305 108 327 132
person 432 98 453 152
person 56 102 75 135
person 61 95 112 191
person 487 94 511 146
person 323 102 367 181
person 540 96 578 142
person 584 87 606 138
person 614 83 636 144
person 610 85 621 139
person 464 95 485 148
person 452 100 475 160
person 305 108 327 132
person 432 98 453 152
person 56 102 75 135
person 61 95 112 191
person 487 94 511 146
person 323 102 367 181
person 540 96 578 142
person 584 87 606 138
person 614 83 636 144
person 610 85 621 139
person 464 95 485 148
