person 146 98 191 153
person 130 118 388 427
person 541 95 603 200
person 311 94 351 150
person 7 108 34 164
person 146 98 191 153
person 130 118 388 427
person 541 95 603 200
person 311 94 351 150
person 7 108 34 164
person 146 98 191 153
person 130 118 388 427
person 541 95 603 200
person 311 94 351 150
person 7 108 34 164
person 146 98 191 153
person 130 118 388 427
person 541 95 603 200
person 311 94 351 150
person 7 108 34 164
person 146 98 191 153
person 130 118 388 427
person 541 95 603 200
person 311 94 351 150
person 7 108 34 164
person 146 98 191 153
person 130 118 388 427
person 541 95 603 200
person 311 94 351 150
person 7 108 34 164
