person 410 474 474 619
person 468 470 519 614
person 143 363 232 624
person 565 469 613 613
person 518 470 592 615
person 410 474 474 619
person 468 470 519 614
person 143 363 232 624
person 565 469 613 613
person 518 470 592 615
person 410 474 474 619
person 468 470 519 614
person 143 363 232 624
person 565 469 613 613
person 518 470 592 615
person 410 474 474 619
person 468 470 519 614
person 143 363 232 624
person 565 469 613 613
person 518 470 592 615
person 410 474 474 619
person 468 470 519 614
person 143 363 232 624
person 565 469 613 613
person 518 470 592 615
person 410 474 474 619
person 468 470 519 614
person 143 363 232 624
person 565 469 613 613
person 518 470 592 615
