person 273 110 286 127
person 251 117 265 149
person 291 99 320 136
person 317 104 351 130
person 285 118 295 127
person 208 108 234 177
person 226 109 236 140
person 0 233 64 480
person 228 112 236 173
person 273 110 286 127
person 251 117 265 149
person 291 99 320 136
person 317 104 351 130
person 285 118 295 127
person 208 108 234 177
person 226 109 236 140
person 0 233 64 480
person 228 112 236 173
person 273 110 286 127
person 251 117 265 149
person 291 99 320 136
person 317 104 351 130
person 285 118 295 127
person 208 108 234 177
person 226 109 236 140
person 0 233 64 480
person 228 112 236 173
person 273 110 286 127
person 251 117 265 149
person 291 99 320 136
person 317 104 351 130
person 285 118 295 127
person 208 108 234 177
person 226 109 236 140
person 0 233 64 480
person 228 112 236 173
person 273 110 286 127
person 251 117 265 149
person 291 99 320 136
person 317 104 351 130
person 285 118 295 127
person 208 108 234 177
person 226 109 236 140
person 0 233 64 480
person 228 112 236 173
person 273 110 286 127
person 251 117 265 149
person 291 99 320 136
person 317 104 351 130
person 285 118 295 127
person 208 108 234 177
person 226 109 236 140
person 0 233 64 480
person 228 112 236 173
