person 375 218 386 242
person 361 216 367 242
person 93 216 99 231
person 84 214 93 230
person 328 218 337 248
person 375 218 386 242
person 361 216 367 242
person 93 216 99 231
person 84 214 93 230
person 328 218 337 248
person 375 218 386 242
person 361 216 367 242
person 93 216 99 231
person 84 214 93 230
person 328 218 337 248
person 375 218 386 242
person 361 216 367 242
person 93 216 99 231
person 84 214 93 230
person 328 218 337 248
person 375 218 386 242
person 361 216 367 242
person 93 216 99 231
person 84 214 93 230
person 328 218 337 248
person 375 218 386 242
person 361 216 367 242
person 93 216 99 231
person 84 214 93 230
person 328 218 337 248
