person 250 187 285 259
person 492 154 533 302
person 146 80 265 426
person 479 193 504 257
person 368 174 399 297
person 205 134 231 171
person 216 197 250 234
person 250 187 285 259
person 492 154 533 302
person 146 80 265 426
person 479 193 504 257
person 368 174 399 297
person 205 134 231 171
person 216 197 250 234
person 250 187 285 259
person 492 154 533 302
person 146 80 265 426
person 479 193 504 257
person 368 174 399 297
person 205 134 231 171
person 216 197 250 234
person 250 187 285 259
person 492 154 533 302
person 146 80 265 426
person 479 193 504 257
person 368 174 399 297
person 205 134 231 171
person 216 197 250 234
person 250 187 285 259
person 492 154 533 302
person 146 80 265 426
person 479 193 504 257
person 368 174 399 297
person 205 134 231 171
person 216 197 250 234
person 250 187 285 259
person 492 154 533 302
person 146 80 265 426
person 479 193 504 257
person 368 174 399 297
person 205 134 231 171
person 216 197 250 234
