person 542 121 559 157
person 571 125 587 150
person 523 128 543 176
person 81 109 106 139
person 78 114 99 138
person 587 127 597 149
person 601 129 612 144
person 165 152 211 189
person 611 125 622 138
person 566 123 580 151
person 521 126 533 174
person 542 121 559 157
person 571 125 587 150
person 523 128 543 176
person 81 109 106 139
person 78 114 99 138
person 587 127 597 149
person 601 129 612 144
person 165 152 211 189
person 611 125 622 138
person 566 123 580 151
person 521 126 533 174
person 542 121 559 157
person 571 125 587 150
person 523 128 543 176
person 81 109 106 139
person 78 114 99 138
person 587 127 597 149
person 601 129 612 144
person 165 152 211 189
person 611 125 622 138
person 566 123 580 151
person 521 126 533 174
person 542 121 559 157
person 571 125 587 150
person 523 128 543 176
person 81 109 106 139
person 78 114 99 138
person 587 127 597 149
person 601 129 612 144
person 165 152 211 189
person 611 125 622 138
person 566 123 580 151
person 521 126 533 174
person 542 121 559 157
person 571 125 587 150
person 523 128 543 176
person 81 109 106 139
person 78 114 99 138
person 587 127 597 149
person 601 129 612 144
person 165 152 211 189
person 611 125 622 138
person 566 123 580 151
person 521 126 533 174
person 542 121 559 157
person 571 125 587 150
person 523 128 543 176
person 81 109 106 139
person 78 114 99 138
person 587 127 597 149
person 601 129 612 144
person 165 152 211 189
person 611 125 622 138
person 566 123 580 151
person 521 126 533 174
