person 8 101 143 333
person 182 158 223 253
person 263 155 303 265
person 350 88 446 329
person 320 156 333 183
person 348 158 366 192
person 304 151 310 171
person 295 153 303 172
person 322 156 350 255
person 216 157 255 258
person 8 101 143 333
person 182 158 223 253
person 263 155 303 265
person 350 88 446 329
person 320 156 333 183
person 348 158 366 192
person 304 151 310 171
person 295 153 303 172
person 322 156 350 255
person 216 157 255 258
person 8 101 143 333
person 182 158 223 253
person 263 155 303 265
person 350 88 446 329
person 320 156 333 183
person 348 158 366 192
person 304 151 310 171
person 295 153 303 172
person 322 156 350 255
person 216 157 255 258
person 8 101 143 333
person 182 158 223 253
person 263 155 303 265
person 350 88 446 329
person 320 156 333 183
person 348 158 366 192
person 304 151 310 171
person 295 153 303 172
person 322 156 350 255
person 216 157 255 258
person 8 101 143 333
person 182 158 223 253
person 263 155 303 265
person 350 88 446 329
person 320 156 333 183
person 348 158 366 192
person 304 151 310 171
person 295 153 303 172
person 322 156 350 255
person 216 157 255 258
person 8 101 143 333
person 182 158 223 253
person 263 155 303 265
person 350 88 446 329
person 320 156 333 183
person 348 158 366 192
person 304 151 310 171
person 295 153 303 172
person 322 156 350 255
person 216 157 255 258
