person 163 20 244 232
person 49 20 97 211
person 259 141 520 421
person 1 18 46 215
person 163 20 244 232
person 49 20 97 211
person 259 141 520 421
person 1 18 46 215
person 163 20 244 232
person 49 20 97 211
person 259 141 520 421
person 1 18 46 215
person 163 20 244 232
person 49 20 97 211
person 259 141 520 421
person 1 18 46 215
person 163 20 244 232
person 49 20 97 211
person 259 141 520 421
person 1 18 46 215
person 163 20 244 232
person 49 20 97 211
person 259 141 520 421
person 1 18 46 215
