person 153 184 416 511
person 366 235 480 475
person 0 192 158 640
person 56 198 163 553
person 0 451 31 640
person 329 249 388 329
person 426 227 469 291
person 448 219 480 359
person 350 208 389 256
person 0 228 22 277
person 153 184 416 511
person 366 235 480 475
person 0 192 158 640
person 56 198 163 553
person 0 451 31 640
person 329 249 388 329
person 426 227 469 291
person 448 219 480 359
person 350 208 389 256
person 0 228 22 277
person 153 184 416 511
person 366 235 480 475
person 0 192 158 640
person 56 198 163 553
person 0 451 31 640
person 329 249 388 329
person 426 227 469 291
person 448 219 480 359
person 350 208 389 256
person 0 228 22 277
person 153 184 416 511
person 366 235 480 475
person 0 192 158 640
person 56 198 163 553
person 0 451 31 640
person 329 249 388 329
person 426 227 469 291
person 448 219 480 359
person 350 208 389 256
person 0 228 22 277
person 153 184 416 511
person 366 235 480 475
person 0 192 158 640
person 56 198 163 553
person 0 451 31 640
person 329 249 388 329
person 426 227 469 291
person 448 219 480 359
person 350 208 389 256
person 0 228 22 277
person 153 184 416 511
person 366 235 480 475
person 0 192 158 640
person 56 198 163 553
person 0 451 31 640
person 329 249 388 329
person 426 227 469 291
person 448 219 480 359
person 350 208 389 256
person 0 228 22 277
