person 391 92 529 472
person 299 109 364 250
person 24 115 93 273
person 156 110 225 243
person 538 155 586 267
person 103 110 163 243
person 586 151 622 255
person 250 126 305 240
person 357 181 393 251
person 621 194 638 254
person 391 92 529 472
person 299 109 364 250
person 24 115 93 273
person 156 110 225 243
person 538 155 586 267
person 103 110 163 243
person 586 151 622 255
person 250 126 305 240
person 357 181 393 251
person 621 194 638 254
person 391 92 529 472
person 299 109 364 250
person 24 115 93 273
person 156 110 225 243
person 538 155 586 267
person 103 110 163 243
person 586 151 622 255
person 250 126 305 240
person 357 181 393 251
person 621 194 638 254
person 391 92 529 472
person 299 109 364 250
person 24 115 93 273
person 156 110 225 243
person 538 155 586 267
person 103 110 163 243
person 586 151 622 255
person 250 126 305 240
person 357 181 393 251
person 621 194 638 254
person 391 92 529 472
person 299 109 364 250
person 24 115 93 273
person 156 110 225 243
person 538 155 586 267
person 103 110 163 243
person 586 151 622 255
person 250 126 305 240
person 357 181 393 251
person 621 194 638 254
person 391 92 529 472
person 299 109 364 250
person 24 115 93 273
person 156 110 225 243
person 538 155 586 267
person 103 110 163 243
person 586 151 622 255
person 250 126 305 240
person 357 181 393 251
person 621 194 638 254
