person 302 182 334 282
person 174 179 194 240
person 569 178 598 199
person 415 175 479 290
person 275 190 293 243
person 302 182 334 282
person 174 179 194 240
person 569 178 598 199
person 415 175 479 290
person 275 190 293 243
person 302 182 334 282
person 174 179 194 240
person 569 178 598 199
person 415 175 479 290
person 275 190 293 243
person 302 182 334 282
person 174 179 194 240
person 569 178 598 199
person 415 175 479 290
person 275 190 293 243
person 302 182 334 282
person 174 179 194 240
person 569 178 598 199
person 415 175 479 290
person 275 190 293 243
person 302 182 334 282
person 174 179 194 240
person 569 178 598 199
person 415 175 479 290
person 275 190 293 243
