person 118 95 423 508
person 23 0 247 403
person 254 14 388 146
person 1 109 50 335
person 118 95 423 508
person 23 0 247 403
person 254 14 388 146
person 1 109 50 335
person 118 95 423 508
person 23 0 247 403
person 254 14 388 146
person 1 109 50 335
person 118 95 423 508
person 23 0 247 403
person 254 14 388 146
person 1 109 50 335
person 118 95 423 508
person 23 0 247 403
person 254 14 388 146
person 1 109 50 335
person 118 95 423 508
person 23 0 247 403
person 254 14 388 146
person 1 109 50 335
