person 307 40 468 269
person 138 55 259 268
person 3 73 114 275
person 127 153 142 181
person 307 40 468 269
person 138 55 259 268
person 3 73 114 275
person 127 153 142 181
person 307 40 468 269
person 138 55 259 268
person 3 73 114 275
person 127 153 142 181
person 307 40 468 269
person 138 55 259 268
person 3 73 114 275
person 127 153 142 181
person 307 40 468 269
person 138 55 259 268
person 3 73 114 275
person 127 153 142 181
person 307 40 468 269
person 138 55 259 268
person 3 73 114 275
person 127 153 142 181
