person 265 188 612 354
person 366 109 491 210
person 193 62 252 170
person 262 82 278 112
person 0 107 10 136
person 265 188 612 354
person 366 109 491 210
person 193 62 252 170
person 262 82 278 112
person 0 107 10 136
person 265 188 612 354
person 366 109 491 210
person 193 62 252 170
person 262 82 278 112
person 0 107 10 136
person 265 188 612 354
person 366 109 491 210
person 193 62 252 170
person 262 82 278 112
person 0 107 10 136
person 265 188 612 354
person 366 109 491 210
person 193 62 252 170
person 262 82 278 112
person 0 107 10 136
person 265 188 612 354
person 366 109 491 210
person 193 62 252 170
person 262 82 278 112
person 0 107 10 136
