person 348 208 455 405
person 172 208 250 504
person 142 180 199 282
person 167 220 199 300
person 38 8 180 554
person 348 208 455 405
person 172 208 250 504
person 142 180 199 282
person 167 220 199 300
person 38 8 180 554
person 348 208 455 405
person 172 208 250 504
person 142 180 199 282
person 167 220 199 300
person 38 8 180 554
person 348 208 455 405
person 172 208 250 504
person 142 180 199 282
person 167 220 199 300
person 38 8 180 554
person 348 208 455 405
person 172 208 250 504
person 142 180 199 282
person 167 220 199 300
person 38 8 180 554
person 348 208 455 405
person 172 208 250 504
person 142 180 199 282
person 167 220 199 300
person 38 8 180 554
