person 365 15 640 473
person 173 139 381 474
person 237 46 337 153
person 1 71 214 448
person 508 35 558 164
person 554 23 590 87
person 541 21 616 162
person 343 53 511 165
person 160 66 238 151
person 362 102 386 130
person 535 21 565 68
person 365 15 640 473
person 173 139 381 474
person 237 46 337 153
person 1 71 214 448
person 508 35 558 164
person 554 23 590 87
person 541 21 616 162
person 343 53 511 165
person 160 66 238 151
person 362 102 386 130
person 535 21 565 68
person 365 15 640 473
person 173 139 381 474
person 237 46 337 153
person 1 71 214 448
person 508 35 558 164
person 554 23 590 87
person 541 21 616 162
person 343 53 511 165
person 160 66 238 151
person 362 102 386 130
person 535 21 565 68
person 365 15 640 473
person 173 139 381 474
person 237 46 337 153
person 1 71 214 448
person 508 35 558 164
person 554 23 590 87
person 541 21 616 162
person 343 53 511 165
person 160 66 238 151
person 362 102 386 130
person 535 21 565 68
person 365 15 640 473
person 173 139 381 474
person 237 46 337 153
person 1 71 214 448
person 508 35 558 164
person 554 23 590 87
person 541 21 616 162
person 343 53 511 165
person 160 66 238 151
person 362 102 386 130
person 535 21 565 68
person 365 15 640 473
person 173 139 381 474
person 237 46 337 153
person 1 71 214 448
person 508 35 558 164
person 554 23 590 87
person 541 21 616 162
person 343 53 511 165
person 160 66 238 151
person 362 102 386 130
person 535 21 565 68
