person 453 223 598 348
person 432 207 476 262
person 522 205 575 267
person 570 206 640 301
person 220 207 350 289
person 312 217 353 255
person 453 223 598 348
person 432 207 476 262
person 522 205 575 267
person 570 206 640 301
person 220 207 350 289
person 312 217 353 255
person 453 223 598 348
person 432 207 476 262
person 522 205 575 267
person 570 206 640 301
person 220 207 350 289
person 312 217 353 255
person 453 223 598 348
person 432 207 476 262
person 522 205 575 267
person 570 206 640 301
person 220 207 350 289
person 312 217 353 255
person 453 223 598 348
person 432 207 476 262
person 522 205 575 267
person 570 206 640 301
person 220 207 350 289
person 312 217 353 255
person 453 223 598 348
person 432 207 476 262
person 522 205 575 267
person 570 206 640 301
person 220 207 350 289
person 312 217 353 255
