person 33 235 56 287
person 15 228 36 280
person 354 229 374 254
person 65 235 69 248
person 33 235 56 287
person 15 228 36 280
person 354 229 374 254
person 65 235 69 248
person 33 235 56 287
person 15 228 36 280
person 354 229 374 254
person 65 235 69 248
person 33 235 56 287
person 15 228 36 280
person 354 229 374 254
person 65 235 69 248
person 33 235 56 287
person 15 228 36 280
person 354 229 374 254
person 65 235 69 248
person 33 235 56 287
person 15 228 36 280
person 354 229 374 254
person 65 235 69 248
