person 176 222 196 288
person 243 211 264 289
person 300 227 328 307
person 327 228 359 258
person 397 259 442 321
person 421 221 444 265
person 458 227 483 297
person 514 224 535 308
person 528 225 543 295
person 388 213 417 298
person 313 224 328 247
person 176 222 196 288
person 243 211 264 289
person 300 227 328 307
person 327 228 359 258
person 397 259 442 321
person 421 221 444 265
person 458 227 483 297
person 514 224 535 308
person 528 225 543 295
person 388 213 417 298
person 313 224 328 247
person 176 222 196 288
person 243 211 264 289
person 300 227 328 307
person 327 228 359 258
person 397 259 442 321
person 421 221 444 265
person 458 227 483 297
person 514 224 535 308
person 528 225 543 295
person 388 213 417 298
person 313 224 328 247
person 176 222 196 288
person 243 211 264 289
person 300 227 328 307
person 327 228 359 258
person 397 259 442 321
person 421 221 444 265
person 458 227 483 297
person 514 224 535 308
person 528 225 543 295
person 388 213 417 298
person 313 224 328 247
person 176 222 196 288
person 243 211 264 289
person 300 227 328 307
person 327 228 359 258
person 397 259 442 321
person 421 221 444 265
person 458 227 483 297
person 514 224 535 308
person 528 225 543 295
person 388 213 417 298
person 313 224 328 247
person 176 222 196 288
person 243 211 264 289
person 300 227 328 307
person 327 228 359 258
person 397 259 442 321
person 421 221 444 265
person 458 227 483 297
person 514 224 535 308
person 528 225 543 295
person 388 213 417 298
person 313 224 328 247
