person 54 76 156 398
person 127 46 234 336
person 294 345 436 473
person 242 63 334 337
person 582 100 594 130
person 605 105 618 130
person 115 63 152 88
person 251 98 268 120
person 235 86 249 122
person 566 86 573 101
person 529 87 536 100
person 487 75 502 94
person 54 76 156 398
person 127 46 234 336
person 294 345 436 473
person 242 63 334 337
person 582 100 594 130
person 605 105 618 130
person 115 63 152 88
person 251 98 268 120
person 235 86 249 122
person 566 86 573 101
person 529 87 536 100
person 487 75 502 94
person 54 76 156 398
person 127 46 234 336
person 294 345 436 473
person 242 63 334 337
person 582 100 594 130
person 605 105 618 130
person 115 63 152 88
person 251 98 268 120
person 235 86 249 122
person 566 86 573 101
person 529 87 536 100
person 487 75 502 94
person 54 76 156 398
person 127 46 234 336
person 294 345 436 473
person 242 63 334 337
person 582 100 594 130
person 605 105 618 130
person 115 63 152 88
person 251 98 268 120
person 235 86 249 122
person 566 86 573 101
person 529 87 536 100
person 487 75 502 94
person 54 76 156 398
person 127 46 234 336
person 294 345 436 473
person 242 63 334 337
person 582 100 594 130
person 605 105 618 130
person 115 63 152 88
person 251 98 268 120
person 235 86 249 122
person 566 86 573 101
person 529 87 536 100
person 487 75 502 94
person 54 76 156 398
person 127 46 234 336
person 294 345 436 473
person 242 63 334 337
person 582 100 594 130
person 605 105 618 130
person 115 63 152 88
person 251 98 268 120
person 235 86 249 122
person 566 86 573 101
person 529 87 536 100
person 487 75 502 94
