person 273 89 596 606
person 66 11 174 237
person 620 93 634 240
person 189 4 304 228
person 1 93 79 237
person 273 89 596 606
person 66 11 174 237
person 620 93 634 240
person 189 4 304 228
person 1 93 79 237
person 273 89 596 606
person 66 11 174 237
person 620 93 634 240
person 189 4 304 228
person 1 93 79 237
person 273 89 596 606
person 66 11 174 237
person 620 93 634 240
person 189 4 304 228
person 1 93 79 237
person 273 89 596 606
person 66 11 174 237
person 620 93 634 240
person 189 4 304 228
person 1 93 79 237
person 273 89 596 606
person 66 11 174 237
person 620 93 634 240
person 189 4 304 228
person 1 93 79 237
