person 255 50 580 434
person 296 103 400 387
person 332 97 359 146
person 228 34 329 397
person 537 123 619 276
person 364 90 387 108
person 382 96 431 159
person 219 83 250 182
person 306 70 340 154
person 363 35 495 335
person 255 50 580 434
person 296 103 400 387
person 332 97 359 146
person 228 34 329 397
person 537 123 619 276
person 364 90 387 108
person 382 96 431 159
person 219 83 250 182
person 306 70 340 154
person 363 35 495 335
person 255 50 580 434
person 296 103 400 387
person 332 97 359 146
person 228 34 329 397
person 537 123 619 276
person 364 90 387 108
person 382 96 431 159
person 219 83 250 182
person 306 70 340 154
person 363 35 495 335
person 255 50 580 434
person 296 103 400 387
person 332 97 359 146
person 228 34 329 397
person 537 123 619 276
person 364 90 387 108
person 382 96 431 159
person 219 83 250 182
person 306 70 340 154
person 363 35 495 335
person 255 50 580 434
person 296 103 400 387
person 332 97 359 146
person 228 34 329 397
person 537 123 619 276
person 364 90 387 108
person 382 96 431 159
person 219 83 250 182
person 306 70 340 154
person 363 35 495 335
person 255 50 580 434
person 296 103 400 387
person 332 97 359 146
person 228 34 329 397
person 537 123 619 276
person 364 90 387 108
person 382 96 431 159
person 219 83 250 182
person 306 70 340 154
person 363 35 495 335
