person 291 133 433 375
person 361 161 493 375
person 3 124 146 369
person 199 211 233 374
person 257 223 289 264
person 134 246 150 293
person 239 245 258 286
person 103 247 122 294
person 79 227 112 348
person 229 245 241 296
person 291 133 433 375
person 361 161 493 375
person 3 124 146 369
person 199 211 233 374
person 257 223 289 264
person 134 246 150 293
person 239 245 258 286
person 103 247 122 294
person 79 227 112 348
person 229 245 241 296
person 291 133 433 375
person 361 161 493 375
person 3 124 146 369
person 199 211 233 374
person 257 223 289 264
person 134 246 150 293
person 239 245 258 286
person 103 247 122 294
person 79 227 112 348
person 229 245 241 296
person 291 133 433 375
person 361 161 493 375
person 3 124 146 369
person 199 211 233 374
person 257 223 289 264
person 134 246 150 293
person 239 245 258 286
person 103 247 122 294
person 79 227 112 348
person 229 245 241 296
person 291 133 433 375
person 361 161 493 375
person 3 124 146 369
person 199 211 233 374
person 257 223 289 264
person 134 246 150 293
person 239 245 258 286
person 103 247 122 294
person 79 227 112 348
person 229 245 241 296
person 291 133 433 375
person 361 161 493 375
person 3 124 146 369
person 199 211 233 374
person 257 223 289 264
person 134 246 150 293
person 239 245 258 286
person 103 247 122 294
person 79 227 112 348
person 229 245 241 296
