person 138 47 374 599
person 334 136 425 477
person 31 41 104 132
person 169 8 228 117
person 344 70 367 149
person 129 254 322 631
person 348 63 371 90
person 232 64 264 111
person 250 86 265 107
person 126 34 178 131
person 366 63 400 152
person 138 47 374 599
person 334 136 425 477
person 31 41 104 132
person 169 8 228 117
person 344 70 367 149
person 129 254 322 631
person 348 63 371 90
person 232 64 264 111
person 250 86 265 107
person 126 34 178 131
person 366 63 400 152
person 138 47 374 599
person 334 136 425 477
person 31 41 104 132
person 169 8 228 117
person 344 70 367 149
person 129 254 322 631
person 348 63 371 90
person 232 64 264 111
person 250 86 265 107
person 126 34 178 131
person 366 63 400 152
person 138 47 374 599
person 334 136 425 477
person 31 41 104 132
person 169 8 228 117
person 344 70 367 149
person 129 254 322 631
person 348 63 371 90
person 232 64 264 111
person 250 86 265 107
person 126 34 178 131
person 366 63 400 152
person 138 47 374 599
person 334 136 425 477
person 31 41 104 132
person 169 8 228 117
person 344 70 367 149
person 129 254 322 631
person 348 63 371 90
person 232 64 264 111
person 250 86 265 107
person 126 34 178 131
person 366 63 400 152
person 138 47 374 599
person 334 136 425 477
person 31 41 104 132
person 169 8 228 117
person 344 70 367 149
person 129 254 322 631
person 348 63 371 90
person 232 64 264 111
person 250 86 265 107
person 126 34 178 131
person 366 63 400 152
