person 178 93 315 447
person 244 113 387 609
person 155 134 217 215
person 143 142 185 209
person 178 93 315 447
person 244 113 387 609
person 155 134 217 215
person 143 142 185 209
person 178 93 315 447
person 244 113 387 609
person 155 134 217 215
person 143 142 185 209
person 178 93 315 447
person 244 113 387 609
person 155 134 217 215
person 143 142 185 209
person 178 93 315 447
person 244 113 387 609
person 155 134 217 215
person 143 142 185 209
person 178 93 315 447
person 244 113 387 609
person 155 134 217 215
person 143 142 185 209
