person 249 139 335 235
person 136 131 239 263
person 342 158 531 426
person 354 140 445 231
person 63 144 211 383
person 543 150 600 256
person 503 175 600 355
person 249 139 335 235
person 136 131 239 263
person 342 158 531 426
person 354 140 445 231
person 63 144 211 383
person 543 150 600 256
person 503 175 600 355
person 249 139 335 235
person 136 131 239 263
person 342 158 531 426
person 354 140 445 231
person 63 144 211 383
person 543 150 600 256
person 503 175 600 355
person 249 139 335 235
person 136 131 239 263
person 342 158 531 426
person 354 140 445 231
person 63 144 211 383
person 543 150 600 256
person 503 175 600 355
person 249 139 335 235
person 136 131 239 263
person 342 158 531 426
person 354 140 445 231
person 63 144 211 383
person 543 150 600 256
person 503 175 600 355
person 249 139 335 235
person 136 131 239 263
person 342 158 531 426
person 354 140 445 231
person 63 144 211 383
person 543 150 600 256
person 503 175 600 355
