person 185 239 380 435
person 183 221 237 332
person 0 287 29 355
person 28 253 88 389
person 185 239 380 435
person 183 221 237 332
person 0 287 29 355
person 28 253 88 389
person 185 239 380 435
person 183 221 237 332
person 0 287 29 355
person 28 253 88 389
person 185 239 380 435
person 183 221 237 332
person 0 287 29 355
person 28 253 88 389
person 185 239 380 435
person 183 221 237 332
person 0 287 29 355
person 28 253 88 389
person 185 239 380 435
person 183 221 237 332
person 0 287 29 355
person 28 253 88 389
