person 94 28 403 613
person 0 154 42 228
person 39 152 92 247
person 311 151 342 202
person 283 147 306 205
person 272 94 302 149
person 300 89 321 159
person 32 136 53 159
person 23 155 49 207
person 0 154 12 191
person 52 138 65 157
person 336 150 373 225
person 460 195 487 278
person 94 28 403 613
person 0 154 42 228
person 39 152 92 247
person 311 151 342 202
person 283 147 306 205
person 272 94 302 149
person 300 89 321 159
person 32 136 53 159
person 23 155 49 207
person 0 154 12 191
person 52 138 65 157
person 336 150 373 225
person 460 195 487 278
person 94 28 403 613
person 0 154 42 228
person 39 152 92 247
person 311 151 342 202
person 283 147 306 205
person 272 94 302 149
person 300 89 321 159
person 32 136 53 159
person 23 155 49 207
person 0 154 12 191
person 52 138 65 157
person 336 150 373 225
person 460 195 487 278
person 94 28 403 613
person 0 154 42 228
person 39 152 92 247
person 311 151 342 202
person 283 147 306 205
person 272 94 302 149
person 300 89 321 159
person 32 136 53 159
person 23 155 49 207
person 0 154 12 191
person 52 138 65 157
person 336 150 373 225
person 460 195 487 278
person 94 28 403 613
person 0 154 42 228
person 39 152 92 247
person 311 151 342 202
person 283 147 306 205
person 272 94 302 149
person 300 89 321 159
person 32 136 53 159
person 23 155 49 207
person 0 154 12 191
person 52 138 65 157
person 336 150 373 225
person 460 195 487 278
person 94 28 403 613
person 0 154 42 228
person 39 152 92 247
person 311 151 342 202
person 283 147 306 205
person 272 94 302 149
person 300 89 321 159
person 32 136 53 159
person 23 155 49 207
person 0 154 12 191
person 52 138 65 157
person 336 150 373 225
person 460 195 487 278
