person 111 37 261 427
person 226 23 450 427
person 211 30 326 420
person 19 16 148 422
person 529 6 640 420
person 111 37 261 427
person 226 23 450 427
person 211 30 326 420
person 19 16 148 422
person 529 6 640 420
person 111 37 261 427
person 226 23 450 427
person 211 30 326 420
person 19 16 148 422
person 529 6 640 420
person 111 37 261 427
person 226 23 450 427
person 211 30 326 420
person 19 16 148 422
person 529 6 640 420
person 111 37 261 427
person 226 23 450 427
person 211 30 326 420
person 19 16 148 422
person 529 6 640 420
person 111 37 261 427
person 226 23 450 427
person 211 30 326 420
person 19 16 148 422
person 529 6 640 420
