person 16 274 68 413
person 38 226 95 306
person 52 214 98 290
person 105 187 138 295
person 164 137 186 206
person 204 130 233 212
person 102 214 127 261
person 21 237 88 316
person 189 147 210 203
person 350 182 382 214
person 97 230 133 347
person 16 274 68 413
person 38 226 95 306
person 52 214 98 290
person 105 187 138 295
person 164 137 186 206
person 204 130 233 212
person 102 214 127 261
person 21 237 88 316
person 189 147 210 203
person 350 182 382 214
person 97 230 133 347
person 16 274 68 413
person 38 226 95 306
person 52 214 98 290
person 105 187 138 295
person 164 137 186 206
person 204 130 233 212
person 102 214 127 261
person 21 237 88 316
person 189 147 210 203
person 350 182 382 214
person 97 230 133 347
person 16 274 68 413
person 38 226 95 306
person 52 214 98 290
person 105 187 138 295
person 164 137 186 206
person 204 130 233 212
person 102 214 127 261
person 21 237 88 316
person 189 147 210 203
person 350 182 382 214
person 97 230 133 347
person 16 274 68 413
person 38 226 95 306
person 52 214 98 290
person 105 187 138 295
person 164 137 186 206
person 204 130 233 212
person 102 214 127 261
person 21 237 88 316
person 189 147 210 203
person 350 182 382 214
person 97 230 133 347
person 16 274 68 413
person 38 226 95 306
person 52 214 98 290
person 105 187 138 295
person 164 137 186 206
person 204 130 233 212
person 102 214 127 261
person 21 237 88 316
person 189 147 210 203
person 350 182 382 214
person 97 230 133 347
