person 188 26 305 466
person 206 133 214 153
person 81 6 169 86
person 252 12 287 52
person 14 64 51 130
person 188 26 305 466
person 206 133 214 153
person 81 6 169 86
person 252 12 287 52
person 14 64 51 130
person 188 26 305 466
person 206 133 214 153
person 81 6 169 86
person 252 12 287 52
person 14 64 51 130
person 188 26 305 466
person 206 133 214 153
person 81 6 169 86
person 252 12 287 52
person 14 64 51 130
person 188 26 305 466
person 206 133 214 153
person 81 6 169 86
person 252 12 287 52
person 14 64 51 130
person 188 26 305 466
person 206 133 214 153
person 81 6 169 86
person 252 12 287 52
person 14 64 51 130
