person 120 14 351 312
person 126 67 182 188
person 5 30 123 268
person 311 81 335 123
person 51 100 127 208
person 120 14 351 312
person 126 67 182 188
person 5 30 123 268
person 311 81 335 123
person 51 100 127 208
person 120 14 351 312
person 126 67 182 188
person 5 30 123 268
person 311 81 335 123
person 51 100 127 208
person 120 14 351 312
person 126 67 182 188
person 5 30 123 268
person 311 81 335 123
person 51 100 127 208
person 120 14 351 312
person 126 67 182 188
person 5 30 123 268
person 311 81 335 123
person 51 100 127 208
person 120 14 351 312
person 126 67 182 188
person 5 30 123 268
person 311 81 335 123
person 51 100 127 208
