person 0 251 57 396
person 426 212 439 254
person 412 234 430 254
person 361 210 387 253
person 3 241 40 285
person 302 221 308 234
person 5 240 42 285
person 42 240 76 339
person 248 227 260 250
person 0 251 57 396
person 426 212 439 254
person 412 234 430 254
person 361 210 387 253
person 3 241 40 285
person 302 221 308 234
person 5 240 42 285
person 42 240 76 339
person 248 227 260 250
person 0 251 57 396
person 426 212 439 254
person 412 234 430 254
person 361 210 387 253
person 3 241 40 285
person 302 221 308 234
person 5 240 42 285
person 42 240 76 339
person 248 227 260 250
person 0 251 57 396
person 426 212 439 254
person 412 234 430 254
person 361 210 387 253
person 3 241 40 285
person 302 221 308 234
person 5 240 42 285
person 42 240 76 339
person 248 227 260 250
person 0 251 57 396
person 426 212 439 254
person 412 234 430 254
person 361 210 387 253
person 3 241 40 285
person 302 221 308 234
person 5 240 42 285
person 42 240 76 339
person 248 227 260 250
person 0 251 57 396
person 426 212 439 254
person 412 234 430 254
person 361 210 387 253
person 3 241 40 285
person 302 221 308 234
person 5 240 42 285
person 42 240 76 339
person 248 227 260 250
