person 304 116 340 181
person 29 199 148 234
person 134 149 176 226
person 560 182 608 220
person 183 56 289 374
person 348 139 381 220
person 304 116 340 181
person 29 199 148 234
person 134 149 176 226
person 560 182 608 220
person 183 56 289 374
person 348 139 381 220
person 304 116 340 181
person 29 199 148 234
person 134 149 176 226
person 560 182 608 220
person 183 56 289 374
person 348 139 381 220
person 304 116 340 181
person 29 199 148 234
person 134 149 176 226
person 560 182 608 220
person 183 56 289 374
person 348 139 381 220
person 304 116 340 181
person 29 199 148 234
person 134 149 176 226
person 560 182 608 220
person 183 56 289 374
person 348 139 381 220
person 304 116 340 181
person 29 199 148 234
person 134 149 176 226
person 560 182 608 220
person 183 56 289 374
person 348 139 381 220
