person 104 181 125 205
person 72 189 82 203
person 56 187 69 203
person 166 194 174 203
person 418 195 431 210
person 98 196 103 203
person 350 196 354 207
person 397 200 403 208
person 436 200 443 209
person 104 181 125 205
person 72 189 82 203
person 56 187 69 203
person 166 194 174 203
person 418 195 431 210
person 98 196 103 203
person 350 196 354 207
person 397 200 403 208
person 436 200 443 209
person 104 181 125 205
person 72 189 82 203
person 56 187 69 203
person 166 194 174 203
person 418 195 431 210
person 98 196 103 203
person 350 196 354 207
person 397 200 403 208
person 436 200 443 209
person 104 181 125 205
person 72 189 82 203
person 56 187 69 203
person 166 194 174 203
person 418 195 431 210
person 98 196 103 203
person 350 196 354 207
person 397 200 403 208
person 436 200 443 209
person 104 181 125 205
person 72 189 82 203
person 56 187 69 203
person 166 194 174 203
person 418 195 431 210
person 98 196 103 203
person 350 196 354 207
person 397 200 403 208
person 436 200 443 209
person 104 181 125 205
person 72 189 82 203
person 56 187 69 203
person 166 194 174 203
person 418 195 431 210
person 98 196 103 203
person 350 196 354 207
person 397 200 403 208
person 436 200 443 209
