person 379 186 455 300
person 173 151 268 302
person 499 161 569 339
person 313 221 338 266
person 362 235 380 265
person 49 119 178 323
person 112 146 199 310
person 379 186 455 300
person 173 151 268 302
person 499 161 569 339
person 313 221 338 266
person 362 235 380 265
person 49 119 178 323
person 112 146 199 310
person 379 186 455 300
person 173 151 268 302
person 499 161 569 339
person 313 221 338 266
person 362 235 380 265
person 49 119 178 323
person 112 146 199 310
person 379 186 455 300
person 173 151 268 302
person 499 161 569 339
person 313 221 338 266
person 362 235 380 265
person 49 119 178 323
person 112 146 199 310
person 379 186 455 300
person 173 151 268 302
person 499 161 569 339
person 313 221 338 266
person 362 235 380 265
person 49 119 178 323
person 112 146 199 310
person 379 186 455 300
person 173 151 268 302
person 499 161 569 339
person 313 221 338 266
person 362 235 380 265
person 49 119 178 323
person 112 146 199 310
