person 177 146 247 245
person 243 172 265 193
person 382 224 396 242
person 81 183 145 204
person 177 146 247 245
person 243 172 265 193
person 382 224 396 242
person 81 183 145 204
person 177 146 247 245
person 243 172 265 193
person 382 224 396 242
person 81 183 145 204
person 177 146 247 245
person 243 172 265 193
person 382 224 396 242
person 81 183 145 204
person 177 146 247 245
person 243 172 265 193
person 382 224 396 242
person 81 183 145 204
person 177 146 247 245
person 243 172 265 193
person 382 224 396 242
person 81 183 145 204
