person 42 116 190 349
person 275 38 346 164
person 314 98 454 281
person 422 101 500 259
person 468 99 500 144
person 42 116 190 349
person 275 38 346 164
person 314 98 454 281
person 422 101 500 259
person 468 99 500 144
person 42 116 190 349
person 275 38 346 164
person 314 98 454 281
person 422 101 500 259
person 468 99 500 144
person 42 116 190 349
person 275 38 346 164
person 314 98 454 281
person 422 101 500 259
person 468 99 500 144
person 42 116 190 349
person 275 38 346 164
person 314 98 454 281
person 422 101 500 259
person 468 99 500 144
person 42 116 190 349
person 275 38 346 164
person 314 98 454 281
person 422 101 500 259
person 468 99 500 144
