person 17 81 225 370
person 250 16 500 369
person 329 124 416 369
person 183 258 283 375
person 17 81 225 370
person 250 16 500 369
person 329 124 416 369
person 183 258 283 375
person 17 81 225 370
person 250 16 500 369
person 329 124 416 369
person 183 258 283 375
person 17 81 225 370
person 250 16 500 369
person 329 124 416 369
person 183 258 283 375
person 17 81 225 370
person 250 16 500 369
person 329 124 416 369
person 183 258 283 375
person 17 81 225 370
person 250 16 500 369
person 329 124 416 369
person 183 258 283 375
