person 224 125 404 257
person 58 4 206 105
person 28 197 243 363
person 411 100 545 265
person 37 119 207 293
person 18 362 203 427
person 0 0 68 88
person 487 298 631 427
person 256 53 355 128
person 88 0 211 89
person 239 4 357 111
person 224 125 404 257
person 58 4 206 105
person 28 197 243 363
person 411 100 545 265
person 37 119 207 293
person 18 362 203 427
person 0 0 68 88
person 487 298 631 427
person 256 53 355 128
person 88 0 211 89
person 239 4 357 111
person 224 125 404 257
person 58 4 206 105
person 28 197 243 363
person 411 100 545 265
person 37 119 207 293
person 18 362 203 427
person 0 0 68 88
person 487 298 631 427
person 256 53 355 128
person 88 0 211 89
person 239 4 357 111
person 224 125 404 257
person 58 4 206 105
person 28 197 243 363
person 411 100 545 265
person 37 119 207 293
person 18 362 203 427
person 0 0 68 88
person 487 298 631 427
person 256 53 355 128
person 88 0 211 89
person 239 4 357 111
person 224 125 404 257
person 58 4 206 105
person 28 197 243 363
person 411 100 545 265
person 37 119 207 293
person 18 362 203 427
person 0 0 68 88
person 487 298 631 427
person 256 53 355 128
person 88 0 211 89
person 239 4 357 111
person 224 125 404 257
person 58 4 206 105
person 28 197 243 363
person 411 100 545 265
person 37 119 207 293
person 18 362 203 427
person 0 0 68 88
person 487 298 631 427
person 256 53 355 128
person 88 0 211 89
person 239 4 357 111
