person 571 199 589 222
person 449 189 456 219
person 587 191 595 206
person 581 190 588 202
person 599 194 613 220
person 469 214 498 253
person 422 191 435 208
person 575 192 580 204
person 605 197 611 213
person 485 196 504 233
person 571 199 589 222
person 449 189 456 219
person 587 191 595 206
person 581 190 588 202
person 599 194 613 220
person 469 214 498 253
person 422 191 435 208
person 575 192 580 204
person 605 197 611 213
person 485 196 504 233
person 571 199 589 222
person 449 189 456 219
person 587 191 595 206
person 581 190 588 202
person 599 194 613 220
person 469 214 498 253
person 422 191 435 208
person 575 192 580 204
person 605 197 611 213
person 485 196 504 233
person 571 199 589 222
person 449 189 456 219
person 587 191 595 206
person 581 190 588 202
person 599 194 613 220
person 469 214 498 253
person 422 191 435 208
person 575 192 580 204
person 605 197 611 213
person 485 196 504 233
person 571 199 589 222
person 449 189 456 219
person 587 191 595 206
person 581 190 588 202
person 599 194 613 220
person 469 214 498 253
person 422 191 435 208
person 575 192 580 204
person 605 197 611 213
person 485 196 504 233
person 571 199 589 222
person 449 189 456 219
person 587 191 595 206
person 581 190 588 202
person 599 194 613 220
person 469 214 498 253
person 422 191 435 208
person 575 192 580 204
person 605 197 611 213
person 485 196 504 233
