person 55 147 65 194
person 11 145 31 203
person 38 152 56 204
person 62 143 67 163
person 25 138 46 200
person 47 142 59 182
person 55 147 65 194
person 11 145 31 203
person 38 152 56 204
person 62 143 67 163
person 25 138 46 200
person 47 142 59 182
person 55 147 65 194
person 11 145 31 203
person 38 152 56 204
person 62 143 67 163
person 25 138 46 200
person 47 142 59 182
person 55 147 65 194
person 11 145 31 203
person 38 152 56 204
person 62 143 67 163
person 25 138 46 200
person 47 142 59 182
person 55 147 65 194
person 11 145 31 203
person 38 152 56 204
person 62 143 67 163
person 25 138 46 200
person 47 142 59 182
person 55 147 65 194
person 11 145 31 203
person 38 152 56 204
person 62 143 67 163
person 25 138 46 200
person 47 142 59 182
