person 181 488 232 639
person 391 509 402 533
person 401 508 409 533
person 336 526 356 554
person 408 512 420 536
person 181 488 232 639
person 391 509 402 533
person 401 508 409 533
person 336 526 356 554
person 408 512 420 536
person 181 488 232 639
person 391 509 402 533
person 401 508 409 533
person 336 526 356 554
person 408 512 420 536
person 181 488 232 639
person 391 509 402 533
person 401 508 409 533
person 336 526 356 554
person 408 512 420 536
person 181 488 232 639
person 391 509 402 533
person 401 508 409 533
person 336 526 356 554
person 408 512 420 536
person 181 488 232 639
person 391 509 402 533
person 401 508 409 533
person 336 526 356 554
person 408 512 420 536
