person 66 252 76 269
person 107 253 114 268
person 200 253 207 267
person 247 251 255 260
person 75 252 81 267
person 56 254 63 268
person 96 253 105 266
person 309 271 318 283
person 237 250 246 259
person 272 251 279 264
person 177 254 182 268
person 66 252 76 269
person 107 253 114 268
person 200 253 207 267
person 247 251 255 260
person 75 252 81 267
person 56 254 63 268
person 96 253 105 266
person 309 271 318 283
person 237 250 246 259
person 272 251 279 264
person 177 254 182 268
person 66 252 76 269
person 107 253 114 268
person 200 253 207 267
person 247 251 255 260
person 75 252 81 267
person 56 254 63 268
person 96 253 105 266
person 309 271 318 283
person 237 250 246 259
person 272 251 279 264
person 177 254 182 268
person 66 252 76 269
person 107 253 114 268
person 200 253 207 267
person 247 251 255 260
person 75 252 81 267
person 56 254 63 268
person 96 253 105 266
person 309 271 318 283
person 237 250 246 259
person 272 251 279 264
person 177 254 182 268
person 66 252 76 269
person 107 253 114 268
person 200 253 207 267
person 247 251 255 260
person 75 252 81 267
person 56 254 63 268
person 96 253 105 266
person 309 271 318 283
person 237 250 246 259
person 272 251 279 264
person 177 254 182 268
person 66 252 76 269
person 107 253 114 268
person 200 253 207 267
person 247 251 255 260
person 75 252 81 267
person 56 254 63 268
person 96 253 105 266
person 309 271 318 283
person 237 250 246 259
person 272 251 279 264
person 177 254 182 268
