person 468 340 471 345
person 475 341 477 345
person 437 339 440 342
person 447 338 450 342
person 444 340 446 342
person 489 339 491 347
person 336 336 339 339
person 89 333 93 336
person 20 332 24 337
person 453 340 455 342
person 376 336 380 340
person 468 340 471 345
person 475 341 477 345
person 437 339 440 342
person 447 338 450 342
person 444 340 446 342
person 489 339 491 347
person 336 336 339 339
person 89 333 93 336
person 20 332 24 337
person 453 340 455 342
person 376 336 380 340
person 468 340 471 345
person 475 341 477 345
person 437 339 440 342
person 447 338 450 342
person 444 340 446 342
person 489 339 491 347
person 336 336 339 339
person 89 333 93 336
person 20 332 24 337
person 453 340 455 342
person 376 336 380 340
person 468 340 471 345
person 475 341 477 345
person 437 339 440 342
person 447 338 450 342
person 444 340 446 342
person 489 339 491 347
person 336 336 339 339
person 89 333 93 336
person 20 332 24 337
person 453 340 455 342
person 376 336 380 340
person 468 340 471 345
person 475 341 477 345
person 437 339 440 342
person 447 338 450 342
person 444 340 446 342
person 489 339 491 347
person 336 336 339 339
person 89 333 93 336
person 20 332 24 337
person 453 340 455 342
person 376 336 380 340
person 468 340 471 345
person 475 341 477 345
person 437 339 440 342
person 447 338 450 342
person 444 340 446 342
person 489 339 491 347
person 336 336 339 339
person 89 333 93 336
person 20 332 24 337
person 453 340 455 342
person 376 336 380 340
