person 351 172 382 218
person 94 200 132 232
person 184 173 229 229
person 361 244 434 271
person 351 172 382 218
person 94 200 132 232
person 184 173 229 229
person 361 244 434 271
person 351 172 382 218
person 94 200 132 232
person 184 173 229 229
person 361 244 434 271
person 351 172 382 218
person 94 200 132 232
person 184 173 229 229
person 361 244 434 271
person 351 172 382 218
person 94 200 132 232
person 184 173 229 229
person 361 244 434 271
person 351 172 382 218
person 94 200 132 232
person 184 173 229 229
person 361 244 434 271
