person 379 206 397 223
person 331 201 356 228
person 296 201 317 225
person 261 197 280 221
person 198 198 208 216
person 374 202 388 223
person 350 200 360 232
person 126 201 133 210
person 139 197 145 210
person 379 206 397 223
person 331 201 356 228
person 296 201 317 225
person 261 197 280 221
person 198 198 208 216
person 374 202 388 223
person 350 200 360 232
person 126 201 133 210
person 139 197 145 210
person 379 206 397 223
person 331 201 356 228
person 296 201 317 225
person 261 197 280 221
person 198 198 208 216
person 374 202 388 223
person 350 200 360 232
person 126 201 133 210
person 139 197 145 210
person 379 206 397 223
person 331 201 356 228
person 296 201 317 225
person 261 197 280 221
person 198 198 208 216
person 374 202 388 223
person 350 200 360 232
person 126 201 133 210
person 139 197 145 210
person 379 206 397 223
person 331 201 356 228
person 296 201 317 225
person 261 197 280 221
person 198 198 208 216
person 374 202 388 223
person 350 200 360 232
person 126 201 133 210
person 139 197 145 210
person 379 206 397 223
person 331 201 356 228
person 296 201 317 225
person 261 197 280 221
person 198 198 208 216
person 374 202 388 223
person 350 200 360 232
person 126 201 133 210
person 139 197 145 210
