person 504 375 541 438
person 550 368 574 398
person 418 382 434 415
person 609 366 623 378
person 505 391 516 409
person 581 347 603 370
person 577 367 587 382
person 455 382 465 390
person 493 408 501 429
person 600 369 611 380
person 504 375 541 438
person 550 368 574 398
person 418 382 434 415
person 609 366 623 378
person 505 391 516 409
person 581 347 603 370
person 577 367 587 382
person 455 382 465 390
person 493 408 501 429
person 600 369 611 380
person 504 375 541 438
person 550 368 574 398
person 418 382 434 415
person 609 366 623 378
person 505 391 516 409
person 581 347 603 370
person 577 367 587 382
person 455 382 465 390
person 493 408 501 429
person 600 369 611 380
person 504 375 541 438
person 550 368 574 398
person 418 382 434 415
person 609 366 623 378
person 505 391 516 409
person 581 347 603 370
person 577 367 587 382
person 455 382 465 390
person 493 408 501 429
person 600 369 611 380
person 504 375 541 438
person 550 368 574 398
person 418 382 434 415
person 609 366 623 378
person 505 391 516 409
person 581 347 603 370
person 577 367 587 382
person 455 382 465 390
person 493 408 501 429
person 600 369 611 380
person 504 375 541 438
person 550 368 574 398
person 418 382 434 415
person 609 366 623 378
person 505 391 516 409
person 581 347 603 370
person 577 367 587 382
person 455 382 465 390
person 493 408 501 429
person 600 369 611 380
