person 478 108 543 308
person 536 79 612 344
person 0 145 122 319
person 127 147 212 245
person 345 142 444 276
person 4 25 610 612
person 478 108 543 308
person 536 79 612 344
person 0 145 122 319
person 127 147 212 245
person 345 142 444 276
person 4 25 610 612
person 478 108 543 308
person 536 79 612 344
person 0 145 122 319
person 127 147 212 245
person 345 142 444 276
person 4 25 610 612
person 478 108 543 308
person 536 79 612 344
person 0 145 122 319
person 127 147 212 245
person 345 142 444 276
person 4 25 610 612
person 478 108 543 308
person 536 79 612 344
person 0 145 122 319
person 127 147 212 245
person 345 142 444 276
person 4 25 610 612
person 478 108 543 308
person 536 79 612 344
person 0 145 122 319
person 127 147 212 245
person 345 142 444 276
person 4 25 610 612
