person 24 83 572 420
person 315 2 608 428
person 251 154 397 422
person 574 53 639 427
person 24 83 572 420
person 315 2 608 428
person 251 154 397 422
person 574 53 639 427
person 24 83 572 420
person 315 2 608 428
person 251 154 397 422
person 574 53 639 427
person 24 83 572 420
person 315 2 608 428
person 251 154 397 422
person 574 53 639 427
person 24 83 572 420
person 315 2 608 428
person 251 154 397 422
person 574 53 639 427
person 24 83 572 420
person 315 2 608 428
person 251 154 397 422
person 574 53 639 427
