person 118 345 190 583
person 181 377 291 629
person 200 363 219 393
person 258 367 297 495
person 175 373 202 413
person 316 378 345 470
person 334 363 378 510
person 321 390 339 439
person 118 345 190 583
person 181 377 291 629
person 200 363 219 393
person 258 367 297 495
person 175 373 202 413
person 316 378 345 470
person 334 363 378 510
person 321 390 339 439
person 118 345 190 583
person 181 377 291 629
person 200 363 219 393
person 258 367 297 495
person 175 373 202 413
person 316 378 345 470
person 334 363 378 510
person 321 390 339 439
person 118 345 190 583
person 181 377 291 629
person 200 363 219 393
person 258 367 297 495
person 175 373 202 413
person 316 378 345 470
person 334 363 378 510
person 321 390 339 439
person 118 345 190 583
person 181 377 291 629
person 200 363 219 393
person 258 367 297 495
person 175 373 202 413
person 316 378 345 470
person 334 363 378 510
person 321 390 339 439
person 118 345 190 583
person 181 377 291 629
person 200 363 219 393
person 258 367 297 495
person 175 373 202 413
person 316 378 345 470
person 334 363 378 510
person 321 390 339 439
