person 67 113 266 345
person 224 125 381 351
person 0 188 92 368
person 409 101 586 471
person 170 344 310 473
person 67 113 266 345
person 224 125 381 351
person 0 188 92 368
person 409 101 586 471
person 170 344 310 473
person 67 113 266 345
person 224 125 381 351
person 0 188 92 368
person 409 101 586 471
person 170 344 310 473
person 67 113 266 345
person 224 125 381 351
person 0 188 92 368
person 409 101 586 471
person 170 344 310 473
person 67 113 266 345
person 224 125 381 351
person 0 188 92 368
person 409 101 586 471
person 170 344 310 473
person 67 113 266 345
person 224 125 381 351
person 0 188 92 368
person 409 101 586 471
person 170 344 310 473
