person 436 218 450 271
person 398 214 412 233
person 419 205 434 256
person 365 190 375 202
person 412 204 422 246
person 433 205 440 231
person 386 193 400 217
person 155 160 162 179
person 450 221 460 271
person 436 218 450 271
person 398 214 412 233
person 419 205 434 256
person 365 190 375 202
person 412 204 422 246
person 433 205 440 231
person 386 193 400 217
person 155 160 162 179
person 450 221 460 271
person 436 218 450 271
person 398 214 412 233
person 419 205 434 256
person 365 190 375 202
person 412 204 422 246
person 433 205 440 231
person 386 193 400 217
person 155 160 162 179
person 450 221 460 271
person 436 218 450 271
person 398 214 412 233
person 419 205 434 256
person 365 190 375 202
person 412 204 422 246
person 433 205 440 231
person 386 193 400 217
person 155 160 162 179
person 450 221 460 271
person 436 218 450 271
person 398 214 412 233
person 419 205 434 256
person 365 190 375 202
person 412 204 422 246
person 433 205 440 231
person 386 193 400 217
person 155 160 162 179
person 450 221 460 271
person 436 218 450 271
person 398 214 412 233
person 419 205 434 256
person 365 190 375 202
person 412 204 422 246
person 433 205 440 231
person 386 193 400 217
person 155 160 162 179
person 450 221 460 271
