person 147 22 268 278
person 120 34 284 205
person 256 17 378 257
person 0 0 130 640
person 66 115 136 280
person 377 17 416 164
person 153 125 416 552
person 109 190 219 273
person 23 251 203 640
person 142 254 258 635
person 147 22 268 278
person 120 34 284 205
person 256 17 378 257
person 0 0 130 640
person 66 115 136 280
person 377 17 416 164
person 153 125 416 552
person 109 190 219 273
person 23 251 203 640
person 142 254 258 635
person 147 22 268 278
person 120 34 284 205
person 256 17 378 257
person 0 0 130 640
person 66 115 136 280
person 377 17 416 164
person 153 125 416 552
person 109 190 219 273
person 23 251 203 640
person 142 254 258 635
person 147 22 268 278
person 120 34 284 205
person 256 17 378 257
person 0 0 130 640
person 66 115 136 280
person 377 17 416 164
person 153 125 416 552
person 109 190 219 273
person 23 251 203 640
person 142 254 258 635
person 147 22 268 278
person 120 34 284 205
person 256 17 378 257
person 0 0 130 640
person 66 115 136 280
person 377 17 416 164
person 153 125 416 552
person 109 190 219 273
person 23 251 203 640
person 142 254 258 635
person 147 22 268 278
person 120 34 284 205
person 256 17 378 257
person 0 0 130 640
person 66 115 136 280
person 377 17 416 164
person 153 125 416 552
person 109 190 219 273
person 23 251 203 640
person 142 254 258 635
