person 347 228 421 360
person 303 252 340 357
person 248 262 290 358
person 415 223 454 283
person 327 241 351 316
person 588 175 640 309
person 479 209 511 285
person 504 193 572 322
person 390 224 411 267
person 377 223 397 264
person 454 202 484 268
person 347 228 421 360
person 303 252 340 357
person 248 262 290 358
person 415 223 454 283
person 327 241 351 316
person 588 175 640 309
person 479 209 511 285
person 504 193 572 322
person 390 224 411 267
person 377 223 397 264
person 454 202 484 268
person 347 228 421 360
person 303 252 340 357
person 248 262 290 358
person 415 223 454 283
person 327 241 351 316
person 588 175 640 309
person 479 209 511 285
person 504 193 572 322
person 390 224 411 267
person 377 223 397 264
person 454 202 484 268
person 347 228 421 360
person 303 252 340 357
person 248 262 290 358
person 415 223 454 283
person 327 241 351 316
person 588 175 640 309
person 479 209 511 285
person 504 193 572 322
person 390 224 411 267
person 377 223 397 264
person 454 202 484 268
person 347 228 421 360
person 303 252 340 357
person 248 262 290 358
person 415 223 454 283
person 327 241 351 316
person 588 175 640 309
person 479 209 511 285
person 504 193 572 322
person 390 224 411 267
person 377 223 397 264
person 454 202 484 268
person 347 228 421 360
person 303 252 340 357
person 248 262 290 358
person 415 223 454 283
person 327 241 351 316
person 588 175 640 309
person 479 209 511 285
person 504 193 572 322
person 390 224 411 267
person 377 223 397 264
person 454 202 484 268
