person 405 21 587 455
person 123 97 141 127
person 153 89 174 109
person 167 95 173 103
person 405 21 587 455
person 123 97 141 127
person 153 89 174 109
person 167 95 173 103
person 405 21 587 455
person 123 97 141 127
person 153 89 174 109
person 167 95 173 103
person 405 21 587 455
person 123 97 141 127
person 153 89 174 109
person 167 95 173 103
person 405 21 587 455
person 123 97 141 127
person 153 89 174 109
person 167 95 173 103
person 405 21 587 455
person 123 97 141 127
person 153 89 174 109
person 167 95 173 103
