person 137 156 167 248
person 247 173 268 230
person 329 176 338 223
person 332 176 354 228
person 431 184 438 192
person 100 167 114 227
person 137 156 167 248
person 247 173 268 230
person 329 176 338 223
person 332 176 354 228
person 431 184 438 192
person 100 167 114 227
person 137 156 167 248
person 247 173 268 230
person 329 176 338 223
person 332 176 354 228
person 431 184 438 192
person 100 167 114 227
person 137 156 167 248
person 247 173 268 230
person 329 176 338 223
person 332 176 354 228
person 431 184 438 192
person 100 167 114 227
person 137 156 167 248
person 247 173 268 230
person 329 176 338 223
person 332 176 354 228
person 431 184 438 192
person 100 167 114 227
person 137 156 167 248
person 247 173 268 230
person 329 176 338 223
person 332 176 354 228
person 431 184 438 192
person 100 167 114 227
