person 145 93 301 315
person 50 148 278 422
person 79 145 208 370
person 261 93 319 159
person 365 101 476 271
person 400 88 459 160
person 211 113 239 186
person 361 90 396 166
person 619 129 640 176
person 145 93 301 315
person 50 148 278 422
person 79 145 208 370
person 261 93 319 159
person 365 101 476 271
person 400 88 459 160
person 211 113 239 186
person 361 90 396 166
person 619 129 640 176
person 145 93 301 315
person 50 148 278 422
person 79 145 208 370
person 261 93 319 159
person 365 101 476 271
person 400 88 459 160
person 211 113 239 186
person 361 90 396 166
person 619 129 640 176
person 145 93 301 315
person 50 148 278 422
person 79 145 208 370
person 261 93 319 159
person 365 101 476 271
person 400 88 459 160
person 211 113 239 186
person 361 90 396 166
person 619 129 640 176
person 145 93 301 315
person 50 148 278 422
person 79 145 208 370
person 261 93 319 159
person 365 101 476 271
person 400 88 459 160
person 211 113 239 186
person 361 90 396 166
person 619 129 640 176
person 145 93 301 315
person 50 148 278 422
person 79 145 208 370
person 261 93 319 159
person 365 101 476 271
person 400 88 459 160
person 211 113 239 186
person 361 90 396 166
person 619 129 640 176
