person 310 148 438 399
person 437 79 467 156
person 374 94 398 108
person 46 93 58 123
person 464 84 485 124
person 310 148 438 399
person 437 79 467 156
person 374 94 398 108
person 46 93 58 123
person 464 84 485 124
person 310 148 438 399
person 437 79 467 156
person 374 94 398 108
person 46 93 58 123
person 464 84 485 124
person 310 148 438 399
person 437 79 467 156
person 374 94 398 108
person 46 93 58 123
person 464 84 485 124
person 310 148 438 399
person 437 79 467 156
person 374 94 398 108
person 46 93 58 123
person 464 84 485 124
person 310 148 438 399
person 437 79 467 156
person 374 94 398 108
person 46 93 58 123
person 464 84 485 124
