person 252 65 336 373
person 358 54 491 432
person 77 89 261 475
person 153 79 228 343
person 252 65 336 373
person 358 54 491 432
person 77 89 261 475
person 153 79 228 343
person 252 65 336 373
person 358 54 491 432
person 77 89 261 475
person 153 79 228 343
person 252 65 336 373
person 358 54 491 432
person 77 89 261 475
person 153 79 228 343
person 252 65 336 373
person 358 54 491 432
person 77 89 261 475
person 153 79 228 343
person 252 65 336 373
person 358 54 491 432
person 77 89 261 475
person 153 79 228 343
