person 352 154 405 338
person 227 164 271 277
person 403 148 445 288
person 463 151 530 278
person 189 144 234 220
person 392 150 410 224
person 352 154 405 338
person 227 164 271 277
person 403 148 445 288
person 463 151 530 278
person 189 144 234 220
person 392 150 410 224
person 352 154 405 338
person 227 164 271 277
person 403 148 445 288
person 463 151 530 278
person 189 144 234 220
person 392 150 410 224
person 352 154 405 338
person 227 164 271 277
person 403 148 445 288
person 463 151 530 278
person 189 144 234 220
person 392 150 410 224
person 352 154 405 338
person 227 164 271 277
person 403 148 445 288
person 463 151 530 278
person 189 144 234 220
person 392 150 410 224
person 352 154 405 338
person 227 164 271 277
person 403 148 445 288
person 463 151 530 278
person 189 144 234 220
person 392 150 410 224
