person 23 175 58 267
person 52 186 66 234
person 68 188 99 256
person 132 203 158 239
person 143 201 171 239
person 153 199 173 237
person 163 197 187 237
person 522 186 554 274
person 278 179 289 187
person 119 201 143 242
person 473 191 478 205
person 578 201 601 246
person 23 175 58 267
person 52 186 66 234
person 68 188 99 256
person 132 203 158 239
person 143 201 171 239
person 153 199 173 237
person 163 197 187 237
person 522 186 554 274
person 278 179 289 187
person 119 201 143 242
person 473 191 478 205
person 578 201 601 246
person 23 175 58 267
person 52 186 66 234
person 68 188 99 256
person 132 203 158 239
person 143 201 171 239
person 153 199 173 237
person 163 197 187 237
person 522 186 554 274
person 278 179 289 187
person 119 201 143 242
person 473 191 478 205
person 578 201 601 246
person 23 175 58 267
person 52 186 66 234
person 68 188 99 256
person 132 203 158 239
person 143 201 171 239
person 153 199 173 237
person 163 197 187 237
person 522 186 554 274
person 278 179 289 187
person 119 201 143 242
person 473 191 478 205
person 578 201 601 246
person 23 175 58 267
person 52 186 66 234
person 68 188 99 256
person 132 203 158 239
person 143 201 171 239
person 153 199 173 237
person 163 197 187 237
person 522 186 554 274
person 278 179 289 187
person 119 201 143 242
person 473 191 478 205
person 578 201 601 246
person 23 175 58 267
person 52 186 66 234
person 68 188 99 256
person 132 203 158 239
person 143 201 171 239
person 153 199 173 237
person 163 197 187 237
person 522 186 554 274
person 278 179 289 187
person 119 201 143 242
person 473 191 478 205
person 578 201 601 246
