person 0.8669 75 237 145 450
person 0.6640 4 285 38 365
person 0.5711 543 291 552 314
person 0.5624 156 260 188 319
person 0.5579 504 300 516 339
person 0.4083 160 255 185 291
person 0.3935 600 299 610 325
person 0.3923 398 291 420 327
person 0.3778 339 268 348 296
person 0.3730 205 294 233 324
person 0.3652 263 293 292 323
person 0.3497 579 286 592 319
person 0.3393 490 283 498 300
person 0.3381 564 285 576 320
person 0.3285 573 285 586 321
person 0.3231 368 274 377 294
person 0.3161 506 302 518 322
person 0.3043 226 294 253 323
person 0.3040 330 269 340 297
