person 0.8875 218 257 342 476
person 0.8760 73 229 194 478
person 0.8597 355 89 519 479
person 0.8339 292 50 356 139
person 0.8137 448 44 506 162
person 0.7965 38 98 153 364
person 0.7849 171 27 257 207
person 0.7251 518 47 585 271
person 0.7209 341 54 404 153
person 0.6398 211 57 286 203
person 0.6222 552 109 639 460
person 0.5786 251 84 383 321
person 0.5779 4 40 59 227
person 0.5612 123 81 208 228
person 0.4793 220 73 327 323
person 0.4758 328 44 364 101
person 0.4557 428 27 466 98
person 0.4300 42 47 92 140
person 0.3976 14 33 82 151
person 0.3429 546 60 625 192
person 0.3376 56 54 109 106
person 0.3326 35 33 65 76
person 0.3198 196 72 433 402
person 0.3149 410 28 479 153
person 0.3093 529 50 566 107
person 0.3021 408 80 514 336
