person 0.9069 145 192 211 281
person 0.8921 239 171 294 287
person 0.8795 35 268 150 457
person 0.8287 205 204 251 281
person 0.7791 35 135 69 188
person 0.7274 24 0 612 210
person 0.6810 88 131 123 189
person 0.6436 286 145 319 192
person 0.6178 250 138 283 182
person 0.6020 491 147 526 195
person 0.6020 406 135 434 176
person 0.5632 493 130 526 172
person 0.5421 372 137 405 181
person 0.5397 431 144 461 190
person 0.5354 117 130 158 191
person 0.5332 66 132 93 188
person 0.5249 385 137 415 179
person 0.5208 329 125 359 183
person 0.5181 490 108 530 161
person 0.5176 355 133 386 181
person 0.5110 277 129 309 182
person 0.4807 0 137 29 184
person 0.4630 213 141 249 192
person 0.4622 387 98 416 139
person 0.4553 336 79 365 125
person 0.4522 295 132 329 186
person 0.4506 57 119 79 158
person 0.4468 591 153 623 196
person 0.4423 217 92 247 140
person 0.4267 415 101 444 142
person 0.4252 276 117 304 162
person 0.4199 309 124 341 184
person 0.4146 445 113 475 159
person 0.4105 424 63 453 103
person 0.4083 303 117 332 161
person 0.3979 306 78 336 125
person 0.3935 445 130 474 178
person 0.3794 274 72 305 123
person 0.3700 184 84 216 157
person 0.3690 113 116 136 153
person 0.3655 412 113 440 155
person 0.3607 468 110 496 160
person 0.3570 113 124 141 175
person 0.3542 67 112 94 156
person 0.3529 355 114 385 157
person 0.3507 29 112 55 153
person 0.3499 69 98 97 139
person 0.3435 351 52 376 92
person 0.3404 252 96 280 140
person 0.3395 106 105 129 137
person 0.3387 271 24 302 68
person 0.3381 476 57 507 101
person 0.3377 470 95 500 140
person 0.3362 465 129 493 177
person 0.3315 77 109 100 151
person 0.3300 452 62 480 105
person 0.3287 596 115 621 146
person 0.3240 423 89 448 135
person 0.3204 98 85 120 121
person 0.3143 364 72 394 118
person 0.3138 593 147 621 176
person 0.3132 501 77 532 119
person 0.3124 443 100 471 143
person 0.3080 357 98 386 141
person 0.3070 92 97 118 137
person 0.3036 224 42 251 73
person 0.3032 465 60 497 104
person 0.3026 368 23 400 63
person 0.3013 321 54 349 96
person 0.3011 31 102 59 140
person 0.3006 390 52 421 101
