person 0.8636 9 126 43 228
person 0.6861 226 100 241 148
person 0.6783 167 93 186 145
person 0.6526 191 100 206 150
person 0.5491 352 86 361 108
person 0.5340 182 99 194 137
person 0.5198 266 89 279 128
person 0.5059 257 90 269 130
person 0.4694 216 102 233 151
person 0.4575 305 86 315 110
person 0.4492 314 86 325 107
person 0.4457 210 105 226 149
person 0.4450 37 100 54 120
person 0.4007 343 87 353 106
person 0.3999 46 101 68 133
person 0.3490 53 102 76 149
person 0.3358 49 102 65 118
person 0.3330 198 98 213 141
person 0.3049 296 88 306 107
