person 0.9636 480 208 543 320
person 0.8474 88 109 123 176
person 0.7791 6 236 62 307
person 0.7568 92 219 126 288
person 0.6767 179 85 199 133
person 0.6744 399 67 415 101
person 0.6544 591 123 608 146
person 0.6278 446 122 478 161
person 0.6048 567 119 590 144
person 0.5623 416 73 437 99
person 0.5566 449 75 468 96
person 0.5387 511 75 534 99
person 0.5355 40 10 63 33
person 0.5265 18 0 627 275
person 0.4991 464 84 481 109
person 0.4876 618 123 637 149
person 0.4863 484 90 504 116
person 0.4799 607 124 624 146
person 0.4603 566 84 585 111
person 0.4590 1 11 20 31
person 0.4282 578 121 595 144
person 0.4000 26 14 43 32
person 0.3935 128 14 144 29
person 0.3759 537 84 559 108
person 0.3735 154 16 171 37
person 0.3644 271 20 285 37
person 0.3597 494 78 511 97
person 0.3579 79 11 97 33
person 0.3566 477 96 493 114
person 0.3471 201 12 218 33
person 0.3454 62 9 78 32
person 0.3440 582 115 596 134
person 0.3434 519 94 539 116
person 0.3395 559 89 580 117
person 0.3313 539 93 558 113
person 0.3186 47 6 639 136
person 0.3158 501 85 520 109
person 0.3151 458 112 477 140
person 0.3088 175 9 191 30
person 0.3077 137 12 153 29
person 0.3072 533 85 550 104
