person 0.8039 416 208 472 359
person 0.7944 372 214 431 367
person 0.7869 77 215 120 354
person 0.7751 45 219 84 352
person 0.7742 198 215 246 357
person 0.7608 313 110 371 223
person 0.7564 249 199 289 361
person 0.7561 423 123 519 226
person 0.7213 150 214 202 357
person 0.6591 341 211 381 360
person 0.6541 476 208 528 358
person 0.6470 284 202 339 357
person 0.6166 573 222 588 268
person 0.6076 583 224 598 267
person 0.5791 265 110 317 231
person 0.5260 443 211 506 352
person 0.4911 211 213 282 351
person 0.4505 621 236 639 355
person 0.4098 55 218 83 298
person 0.4012 287 93 361 204
person 0.3822 95 211 165 351
person 0.3734 302 174 356 353
person 0.3519 0 149 578 355
person 0.3420 589 230 637 363
person 0.3409 220 177 339 345
person 0.3303 423 150 499 375
person 0.3285 125 203 290 359
person 0.3254 274 114 316 171
person 0.3213 0 238 10 289
person 0.3060 329 204 464 359
