person 0.8711 309 287 389 420
person 0.8676 490 278 580 388
person 0.8657 0 269 89 426
person 0.7280 271 294 322 409
person 0.7230 433 272 516 404
person 0.7058 259 276 287 331
person 0.5706 554 310 584 350
person 0.5522 304 277 326 329
person 0.5212 271 273 282 292
person 0.5113 490 279 516 323
person 0.4656 279 278 295 309
person 0.4127 287 289 353 383
person 0.3858 107 268 125 295
person 0.3615 263 274 273 293
person 0.3538 268 286 312 348
person 0.3504 119 269 136 295
person 0.3403 280 275 293 294
person 0.3248 272 276 303 327
person 0.3153 14 275 80 358
person 0.3145 526 300 587 369
