person 0.9510 253 223 301 315
person 0.9385 347 168 422 336
person 0.6431 86 237 114 283
person 0.5583 66 240 81 279
person 0.5550 80 234 101 280
person 0.5102 203 227 218 263
person 0.5032 323 221 338 264
person 0.4995 310 224 323 262
person 0.4377 163 223 177 269
person 0.4251 418 223 434 265
person 0.4132 624 221 639 269
person 0.3945 237 226 248 257
person 0.3903 183 225 197 263
person 0.3823 254 221 268 251
person 0.3694 157 232 173 270
person 0.3563 196 227 209 262
person 0.3509 486 226 502 261
person 0.3349 432 223 446 260
person 0.3223 318 238 336 266
person 0.3188 338 221 349 247
person 0.3066 242 226 253 256
