person 0.8676 36 248 62 309
person 0.8618 20 248 38 304
person 0.8182 73 241 97 308
person 0.7513 99 230 118 290
person 0.6555 0 214 10 245
person 0.6069 25 212 36 248
person 0.5581 54 240 71 295
person 0.5285 17 214 28 245
person 0.4946 91 232 107 287
person 0.4129 10 213 21 245
person 0.4031 151 198 158 205
person 0.3947 26 211 36 230
person 0.3649 178 157 188 169
person 0.3633 18 213 29 229
person 0.3417 208 196 216 205
person 0.3362 11 213 20 229
person 0.3328 188 155 198 169
person 0.3217 93 231 104 247
person 0.3196 0 167 122 292
person 0.3165 196 155 206 169
