person 0.9622 103 164 315 606
person 0.7986 4 0 424 352
person 0.7862 40 371 115 445
person 0.7518 252 366 312 432
person 0.7167 389 262 427 327
person 0.6898 45 259 97 296
person 0.6310 278 249 315 293
person 0.6267 4 252 40 293
person 0.6181 91 239 130 294
person 0.6074 315 264 349 293
person 0.6049 72 256 107 295
person 0.5969 331 300 413 432
person 0.5629 349 257 384 294
person 0.5219 29 157 65 205
person 0.5143 34 224 66 258
person 0.4969 69 227 105 270
person 0.4913 106 241 149 292
person 0.4799 0 216 27 255
person 0.4664 371 243 401 290
person 0.4175 2 179 34 219
person 0.4170 240 304 280 397
person 0.4145 386 240 406 272
person 0.4117 365 238 392 281
person 0.4030 4 190 38 237
person 0.3989 384 143 411 183
person 0.3834 341 69 372 108
person 0.3772 373 105 404 142
person 0.3662 350 234 371 261
person 0.3655 225 63 255 105
person 0.3648 356 194 380 226
person 0.3641 370 93 404 127
person 0.3637 167 60 200 104
person 0.3632 302 228 328 276
person 0.3615 56 145 79 186
person 0.3615 153 140 184 182
person 0.3613 404 99 427 135
person 0.3601 0 158 28 201
person 0.3596 379 117 407 157
person 0.3585 167 145 195 182
person 0.3568 321 235 351 275
person 0.3551 336 257 364 292
person 0.3518 322 101 353 144
person 0.3459 69 186 97 220
person 0.3439 95 170 129 211
person 0.3423 311 217 333 260
person 0.3407 184 138 215 182
person 0.3388 317 138 345 176
person 0.3376 192 68 229 110
person 0.3365 329 190 349 218
person 0.3350 300 98 327 147
person 0.3311 401 147 426 199
person 0.3279 361 48 391 79
person 0.3265 367 164 391 198
person 0.3260 0 228 31 278
person 0.3225 304 180 333 218
person 0.3224 129 142 163 179
person 0.3223 261 78 286 112
person 0.3210 76 166 101 199
person 0.3153 238 80 271 119
person 0.3143 285 78 307 113
person 0.3118 339 197 369 233
person 0.3104 72 216 100 244
person 0.3084 392 80 416 116
person 0.3061 77 148 98 179
person 0.3055 340 237 368 276
person 0.3043 38 201 68 240
person 0.3021 26 118 55 161
person 0.3014 359 143 387 178
person 0.3001 268 254 302 295
