person 0.8962 203 0 342 260
person 0.8940 69 0 151 190
person 0.8650 105 0 250 298
person 0.8580 548 75 639 408
person 0.7951 14 0 67 111
person 0.7708 191 0 591 425
person 0.7074 247 59 471 375
person 0.6968 443 25 514 127
person 0.6274 51 1 117 134
person 0.5808 503 57 581 213
person 0.5281 0 0 28 98
person 0.4819 462 39 538 162
person 0.3846 501 43 566 139
person 0.3746 150 0 405 357
person 0.3582 128 0 161 41
person 0.3123 74 30 131 152
person 0.3057 507 1 565 69
person 0.3032 441 19 489 86
