person 0.9258 481 102 623 222
person 0.8792 420 127 498 242
person 0.6635 476 332 488 344
person 0.6597 449 333 462 345
person 0.6169 298 163 355 220
person 0.6073 255 188 300 233
person 0.5985 336 342 349 353
person 0.5850 496 330 510 344
person 0.5572 460 332 474 344
person 0.5479 326 341 339 353
person 0.5330 570 291 610 376
person 0.5199 488 332 500 343
person 0.5135 317 343 329 354
person 0.4899 507 333 519 342
person 0.4634 313 344 322 354
person 0.4435 403 332 418 348
person 0.4347 272 343 284 357
person 0.4246 435 334 445 346
person 0.4172 439 332 451 346
person 0.4126 467 332 480 344
person 0.4125 278 345 288 357
person 0.4123 525 330 537 344
person 0.3974 363 342 373 351
person 0.3953 513 332 525 343
person 0.3860 344 343 354 353
person 0.3699 379 333 398 350
person 0.3560 599 286 628 378
person 0.3558 358 342 371 352
person 0.3447 270 307 285 332
person 0.3325 372 337 390 355
person 0.3317 409 333 422 348
person 0.3190 538 321 561 393
person 0.3109 391 333 404 350
person 0.3075 517 327 529 340
