person 0.9345 204 179 331 329
person 0.9341 374 181 471 330
person 0.9277 0 184 163 330
person 0.8892 263 110 337 262
person 0.8832 324 127 413 332
person 0.8633 108 163 196 326
person 0.8466 452 97 499 316
person 0.8373 205 143 257 261
person 0.7906 12 140 96 265
person 0.7852 0 99 51 165
person 0.7105 57 94 109 186
person 0.6856 148 139 212 268
person 0.5820 25 50 51 79
person 0.5782 378 15 406 45
person 0.5686 320 63 363 167
person 0.5579 22 77 54 132
person 0.5496 72 3 92 48
person 0.5098 385 95 454 226
person 0.4995 112 46 143 94
person 0.4962 88 73 113 121
person 0.4681 336 70 362 123
person 0.4593 144 17 170 70
person 0.4553 187 0 203 41
person 0.4548 83 34 115 83
person 0.4525 0 0 12 50
person 0.4496 50 80 76 123
person 0.4439 54 5 70 45
person 0.4413 447 0 457 26
person 0.4377 46 59 75 108
person 0.4366 18 0 369 217
person 0.4320 36 81 62 139
person 0.4199 149 38 178 73
person 0.4115 172 0 189 41
person 0.3979 143 118 186 166
person 0.3819 96 4 114 45
person 0.3687 343 87 447 304
person 0.3656 284 31 298 40
person 0.3352 7 78 40 123
person 0.3332 3 0 199 157
person 0.3292 69 64 95 103
person 0.3089 62 78 91 116
person 0.3040 107 50 144 141
person 0.3017 71 27 141 129
person 0.3000 113 120 141 164
