person 0.9411 408 75 608 362
person 0.8894 233 157 271 260
person 0.8717 589 145 638 252
person 0.8572 118 226 315 397
person 0.8133 71 177 111 270
person 0.8076 107 150 148 259
person 0.7978 16 175 54 263
person 0.6834 145 175 176 229
person 0.6589 536 170 559 226
person 0.6277 0 199 12 252
person 0.5145 501 148 535 217
person 0.4358 218 197 235 243
person 0.4103 15 169 97 270
person 0.3673 0 188 23 259
person 0.3366 588 172 605 226
person 0.3359 49 168 140 265
person 0.3246 527 184 552 231
person 0.3061 486 112 591 320
person 0.3051 521 163 556 220
