person 0.8689 244 416 345 552
person 0.8627 94 170 121 261
person 0.8290 153 181 178 245
person 0.8216 345 146 374 224
person 0.7479 25 180 52 240
person 0.7170 120 177 143 252
person 0.7079 59 183 85 249
person 0.5654 51 158 75 193
person 0.5511 0 189 19 243
person 0.4196 78 609 108 639
person 0.4107 89 161 117 203
person 0.4095 166 187 189 238
person 0.4018 53 163 79 229
person 0.3646 315 623 343 639
person 0.3646 256 627 271 639
person 0.3570 323 614 353 639
person 0.3467 151 626 166 639
person 0.3446 232 624 256 639
person 0.3255 264 627 278 639
person 0.3239 95 164 175 256
person 0.3190 138 622 161 639
person 0.3047 125 159 218 257
person 0.3012 179 199 197 240
