person 0.9703 190 143 309 422
person 0.9171 138 187 178 334
person 0.8995 470 154 563 423
person 0.8950 71 175 142 375
person 0.8530 448 167 484 272
person 0.7659 566 64 639 423
person 0.7628 0 191 44 395
person 0.7256 176 192 204 304
person 0.7243 330 158 416 264
person 0.5764 395 177 419 223
person 0.5271 33 197 71 284
person 0.4158 29 193 74 365
person 0.3778 533 180 566 303
person 0.3735 392 181 412 203
person 0.3680 534 181 561 231
person 0.3306 477 190 490 207
person 0.3203 400 182 417 212
person 0.3020 391 176 424 260
person 0.3008 494 164 514 194
