person 0.8484 461 321 491 402
person 0.8433 489 323 514 400
person 0.8375 512 333 567 477
person 0.8062 581 339 637 472
person 0.7961 563 324 598 440
person 0.5111 550 327 616 464
person 0.4817 506 321 535 401
person 0.4610 543 328 557 349
person 0.4510 520 323 541 353
person 0.4412 598 327 613 351
person 0.4205 373 252 388 273
person 0.4121 532 326 547 347
person 0.4073 516 321 543 375
person 0.4013 547 327 568 368
person 0.3761 587 326 608 366
person 0.3510 541 329 561 364
person 0.3427 146 178 569 439
person 0.3397 470 322 547 455
person 0.3339 578 325 599 369
person 0.3336 583 320 594 338
person 0.3154 620 344 639 457
person 0.3149 514 323 533 354
person 0.3073 562 329 574 347
person 0.3014 589 326 604 349
