person 0.8622 521 186 549 273
person 0.8169 26 178 59 261
person 0.7320 162 195 183 235
person 0.6349 70 188 95 249
person 0.5870 592 187 625 268
person 0.5803 143 200 165 237
person 0.5567 116 198 138 237
person 0.5325 51 182 69 251
person 0.5159 154 195 175 238
person 0.4842 131 205 160 244
person 0.3945 471 189 478 204
person 0.3845 617 204 636 251
person 0.3703 581 187 608 246
person 0.3425 619 204 632 229
person 0.3406 81 166 100 195
person 0.3363 279 172 294 188
person 0.3353 61 187 81 246
person 0.3349 627 210 639 260
person 0.3259 44 177 63 241
person 0.3216 630 205 639 229
person 0.3086 541 188 569 270
person 0.3000 630 196 639 219
