person 0.5338 565 143 587 192
person 0.5213 0 168 9 186
person 0.4892 31 174 50 200
person 0.4614 9 168 19 185
person 0.4421 74 161 83 174
person 0.4355 601 166 613 187
person 0.4269 26 175 39 196
person 0.4204 72 166 83 186
person 0.4156 586 173 607 216
person 0.3998 65 167 75 183
person 0.3905 47 163 55 174
person 0.3875 533 165 546 185
person 0.3868 36 167 47 184
person 0.3857 72 175 83 194
person 0.3773 66 163 75 174
person 0.3742 588 173 604 198
person 0.3738 532 160 546 176
person 0.3609 38 163 47 174
person 0.3574 539 177 557 213
person 0.3501 56 163 64 174
person 0.3472 16 167 27 186
person 0.3468 27 168 38 185
person 0.3447 535 175 547 197
person 0.3433 610 164 622 187
person 0.3432 596 170 619 222
person 0.3265 24 178 45 207
person 0.3224 590 168 603 185
person 0.3100 55 167 65 181
person 0.3100 598 169 615 201
person 0.3040 582 167 593 187
person 0.3039 555 149 592 206
