person 0.8830 66 231 126 395
person 0.7202 108 236 135 328
person 0.6584 191 107 220 146
person 0.6579 212 107 235 143
person 0.6269 338 279 349 312
person 0.6197 225 109 253 145
person 0.6171 136 243 158 298
person 0.6054 163 90 190 160
person 0.5899 151 90 177 156
person 0.5641 254 112 281 170
person 0.5522 175 194 205 239
person 0.5348 233 112 267 168
person 0.5284 146 237 161 269
person 0.5060 257 113 272 143
person 0.4866 182 106 215 168
person 0.4563 131 239 148 267
person 0.4522 133 254 149 296
person 0.4427 132 239 145 253
person 0.3972 127 233 150 285
person 0.3970 155 250 167 285
person 0.3824 166 88 184 123
person 0.3800 242 121 257 148
person 0.3731 214 94 271 168
person 0.3724 183 93 249 166
person 0.3722 147 246 160 289
person 0.3569 155 90 169 123
person 0.3536 334 278 345 313
person 0.3373 213 109 228 131
person 0.3326 159 88 177 123
person 0.3245 244 120 256 137
person 0.3080 151 243 171 300
person 0.3068 140 238 152 252
person 0.3033 136 237 156 269
