person 0.8964 246 75 323 261
person 0.7964 0 9 639 190
person 0.5936 508 129 538 190
person 0.3996 390 126 408 155
person 0.3791 399 128 416 154
person 0.3771 463 124 484 154
person 0.3612 361 130 380 156
person 0.3567 335 123 356 156
person 0.3508 233 71 249 101
person 0.3498 97 99 118 128
person 0.3490 370 141 388 158
person 0.3282 101 141 120 159
person 0.3162 45 104 85 149
person 0.3123 381 128 399 156
person 0.3088 148 109 166 136
person 0.3082 49 139 70 159
person 0.3068 148 110 177 154
person 0.3002 58 125 85 158
