person 0.7999 196 253 245 367
person 0.7630 63 304 131 473
person 0.7389 93 303 157 464
person 0.6869 141 253 191 405
person 0.6865 25 302 106 482
person 0.6853 258 220 327 366
person 0.6559 218 248 268 363
person 0.6089 159 249 212 406
person 0.5611 229 72 418 338
person 0.5481 303 188 418 450
person 0.4886 0 345 66 590
person 0.4612 270 222 383 410
person 0.4512 305 184 365 251
person 0.4484 0 307 33 388
person 0.4448 259 108 393 236
person 0.4138 91 284 128 340
person 0.4119 53 307 79 341
person 0.4001 0 314 69 457
person 0.3892 0 288 29 339
person 0.3887 314 79 388 169
person 0.3872 196 9 393 253
person 0.3795 38 305 73 357
person 0.3734 311 163 410 326
person 0.3620 92 242 254 405
person 0.3570 210 174 371 397
person 0.3436 353 211 424 425
person 0.3355 171 285 247 415
person 0.3123 65 273 202 438
person 0.3104 126 276 161 347
person 0.3103 106 280 149 341
person 0.3103 243 241 264 274
person 0.3056 318 192 384 276
person 0.3052 240 233 276 315
