person 0.8871 161 80 199 165
person 0.7912 503 113 572 266
person 0.7879 270 81 297 164
person 0.7878 104 42 126 93
person 0.7401 581 112 611 198
person 0.7311 327 36 343 77
person 0.6801 379 38 396 78
person 0.6689 351 43 368 87
person 0.6274 413 81 499 295
person 0.5785 364 58 379 108
person 0.5619 168 46 178 61
person 0.4583 186 43 198 62
person 0.4432 22 114 59 148
person 0.4272 345 35 365 97
person 0.3817 334 39 357 86
person 0.3714 462 11 471 30
person 0.3655 278 78 295 109
person 0.3453 252 33 382 143
person 0.3154 10 31 558 149
person 0.3139 533 116 606 268
