person 0.6748 336 224 354 263
person 0.6245 315 230 334 271
person 0.5572 93 325 150 403
person 0.5173 363 246 398 278
person 0.5068 189 230 213 258
person 0.5033 362 223 377 264
person 0.4956 544 245 576 290
person 0.4936 277 232 294 259
person 0.4744 219 228 239 259
person 0.4579 607 263 622 285
person 0.4482 242 228 258 260
person 0.4419 341 251 364 277
person 0.4375 297 235 311 269
person 0.4349 44 327 148 453
person 0.4335 493 255 596 377
person 0.4090 259 241 273 263
person 0.3987 139 233 153 253
person 0.3966 416 251 440 275
person 0.3963 631 265 639 282
person 0.3561 71 175 568 450
person 0.3457 119 235 149 271
person 0.3370 504 295 601 351
person 0.3230 97 326 180 432
person 0.3080 279 230 291 244
person 0.3059 193 226 290 330
person 0.3030 114 197 229 295
person 0.3028 265 239 289 268
