person 0.8747 430 230 463 327
person 0.8635 384 230 421 328
person 0.7877 128 210 145 258
person 0.7831 293 226 369 480
person 0.7402 153 207 170 256
person 0.5573 233 229 310 484
person 0.4952 332 216 350 256
person 0.4909 349 217 368 256
person 0.4797 303 218 320 236
person 0.4694 68 198 77 217
person 0.4224 75 202 85 218
person 0.4215 41 197 55 217
person 0.3953 148 210 159 250
person 0.3747 120 197 132 221
person 0.3615 337 214 362 259
person 0.3434 9 201 475 265
person 0.3433 139 190 149 212
person 0.3429 118 204 151 257
person 0.3398 283 214 303 236
person 0.3219 94 214 106 238
person 0.3129 81 208 92 229
person 0.3110 326 216 338 237
person 0.3025 120 207 130 229
