person 0.8285 257 162 325 272
person 0.7900 362 220 378 256
person 0.7176 529 199 535 214
person 0.6318 403 218 416 247
person 0.5796 267 237 279 267
person 0.5732 412 217 420 235
person 0.5647 509 203 516 215
person 0.5095 495 209 500 218
person 0.5081 337 228 347 241
person 0.4829 497 208 503 219
person 0.4365 396 199 405 220
person 0.3874 204 254 223 273
person 0.3651 279 238 296 271
person 0.3604 286 233 302 272
person 0.3575 507 206 514 217
person 0.3077 327 227 342 244
person 0.3025 526 198 537 216
