person 0.8430 477 157 512 248
person 0.8279 231 97 465 344
person 0.8132 184 185 245 274
person 0.7782 37 190 100 287
person 0.7410 559 83 637 318
person 0.7349 114 197 165 279
person 0.6308 133 192 183 279
person 0.6275 231 186 273 261
person 0.6032 147 180 206 277
person 0.5943 83 192 123 285
person 0.5854 463 191 483 245
person 0.5411 210 186 257 267
person 0.5216 16 193 48 246
person 0.4763 511 193 531 240
person 0.4504 31 184 62 235
person 0.4179 203 177 218 201
person 0.4022 85 193 112 240
person 0.3875 538 196 560 238
person 0.3831 193 189 210 209
person 0.3689 453 190 477 246
person 0.3626 240 188 258 209
person 0.3623 108 196 124 219
person 0.3548 43 184 62 213
person 0.3521 139 187 169 230
person 0.3502 521 189 554 245
person 0.3494 145 178 167 201
person 0.3493 254 201 282 233
person 0.3403 152 184 173 212
person 0.3399 107 194 126 239
person 0.3357 136 192 155 224
person 0.3356 98 195 116 219
person 0.3340 170 185 198 232
person 0.3319 227 195 249 239
person 0.3298 19 195 77 282
person 0.3284 89 194 109 220
person 0.3281 51 176 132 276
person 0.3268 102 197 140 256
person 0.3239 472 187 492 248
person 0.3195 230 195 248 219
person 0.3183 236 190 261 225
person 0.3156 127 196 143 219
person 0.3134 521 191 539 225
person 0.3032 191 190 212 224
person 0.3019 128 154 276 286
person 0.3017 32 103 49 121
