person 0.8279 220 382 257 427
person 0.8103 142 365 186 429
person 0.7984 462 392 495 469
person 0.7254 402 384 429 424
person 0.7076 560 346 597 449
person 0.7052 595 347 632 448
person 0.5951 428 358 452 413
person 0.5719 373 396 394 425
person 0.4995 566 386 593 444
person 0.4974 479 381 496 426
person 0.4842 291 352 305 378
person 0.4715 317 354 330 375
person 0.4594 3 336 639 442
person 0.4508 270 351 279 366
person 0.4450 140 378 167 431
person 0.4343 33 376 46 391
person 0.4278 264 350 274 367
person 0.4265 320 349 333 369
person 0.4262 337 367 348 386
person 0.4208 331 366 340 385
person 0.3956 225 355 236 373
person 0.3830 299 353 310 376
person 0.3764 27 378 37 393
person 0.3754 478 382 491 407
person 0.3680 290 364 303 382
person 0.3648 447 376 464 414
person 0.3643 368 363 376 376
person 0.3590 267 373 289 419
person 0.3558 357 365 366 375
person 0.3554 8 378 18 392
person 0.3534 288 352 577 419
person 0.3466 345 367 354 384
person 0.3455 297 351 307 368
person 0.3453 282 351 292 365
person 0.3439 486 386 498 422
person 0.3402 309 357 319 374
person 0.3391 26 132 615 348
person 0.3316 18 378 28 393
person 0.3291 516 239 529 255
person 0.3285 71 386 80 404
person 0.3279 325 357 336 376
person 0.3272 103 405 124 437
person 0.3267 187 362 197 375
person 0.3247 232 358 242 373
person 0.3246 455 371 472 402
person 0.3220 55 378 64 391
person 0.3132 254 357 264 372
person 0.3117 207 347 216 366
person 0.3114 243 357 254 372
person 0.3047 318 364 330 381
