person 0.9236 38 229 235 422
person 0.8791 194 199 289 382
person 0.8172 283 134 333 318
person 0.8151 471 183 516 272
person 0.8024 27 195 102 324
person 0.7983 577 142 635 263
person 0.7841 378 129 421 289
person 0.7285 330 161 368 280
person 0.6980 0 169 44 231
person 0.6946 411 218 447 296
person 0.6655 437 171 474 282
person 0.6349 57 135 79 189
person 0.6264 218 153 287 265
person 0.5906 61 130 639 314
person 0.5849 22 128 47 191
person 0.5258 504 204 538 273
person 0.5200 357 182 389 290
person 0.5028 35 163 68 204
person 0.4918 80 140 100 182
person 0.4642 562 138 579 187
person 0.4634 557 218 596 268
person 0.4605 118 164 154 212
person 0.4558 348 147 378 192
person 0.4543 511 199 558 280
person 0.4364 154 209 196 248
person 0.4304 531 213 574 269
person 0.4238 521 169 551 209
person 0.4132 40 152 63 192
person 0.4100 616 145 627 165
person 0.3751 162 148 553 427
person 0.3734 427 196 463 288
person 0.3725 537 163 566 208
person 0.3705 355 162 384 250
person 0.3639 577 138 597 187
person 0.3526 142 165 177 208
person 0.3494 477 172 497 206
person 0.3468 308 141 627 288
person 0.3455 88 165 121 206
person 0.3444 516 177 543 218
person 0.3263 160 164 193 205
person 0.3238 581 140 598 164
person 0.3152 87 163 109 193
person 0.3120 140 202 186 239
person 0.3059 363 158 402 260
person 0.3037 212 171 227 208
