person 0.9015 133 152 249 351
person 0.8344 586 129 639 354
person 0.8188 52 145 150 294
person 0.8019 213 22 301 158
person 0.7733 454 271 569 355
person 0.7425 291 183 421 323
person 0.7278 0 12 105 132
person 0.7226 0 141 103 335
person 0.7177 484 177 586 266
person 0.6990 104 0 191 63
person 0.6271 84 15 152 125
person 0.6066 251 240 366 354
person 0.5961 48 0 113 62
person 0.5150 110 65 204 149
person 0.5052 18 0 621 355
person 0.4928 39 125 93 221
person 0.4799 206 165 291 336
person 0.4722 426 255 480 350
person 0.4618 502 239 598 346
person 0.4028 0 13 48 127
person 0.3950 46 10 130 127
person 0.3580 549 180 586 230
person 0.3354 0 133 49 237
person 0.3302 306 12 394 101
person 0.3009 172 0 208 64
