person 0.5705 396 297 417 336
person 0.5665 127 157 141 190
person 0.5534 100 125 110 147
person 0.5264 118 137 125 151
person 0.5249 43 188 51 202
person 0.4733 284 81 293 102
person 0.4662 211 86 220 101
person 0.4638 154 83 178 132
person 0.4600 65 166 74 180
person 0.4551 36 152 45 177
person 0.4493 50 188 59 202
person 0.4459 88 131 97 154
person 0.4419 27 202 37 216
person 0.4412 34 202 45 216
person 0.4362 124 137 133 150
person 0.4340 211 120 221 137
person 0.4322 491 213 499 234
person 0.4283 146 137 155 150
person 0.4237 137 142 147 158
person 0.4219 35 189 44 202
person 0.4145 71 180 82 195
person 0.4112 79 170 89 189
person 0.4106 86 171 96 188
person 0.4088 203 119 214 138
person 0.4080 0 239 10 255
person 0.4069 21 202 30 217
person 0.4061 57 179 67 195
person 0.4011 64 187 74 202
person 0.3981 101 164 110 180
person 0.3966 124 102 196 187
person 0.3951 5 214 15 232
person 0.3931 160 136 169 149
person 0.3882 434 10 442 26
person 0.3866 150 79 230 161
person 0.3862 320 297 336 327
person 0.3862 87 165 96 181
person 0.3842 360 296 383 336
person 0.3805 375 281 396 319
person 0.3804 204 112 213 129
person 0.3785 204 51 291 131
person 0.3774 13 229 24 246
person 0.3751 109 155 118 173
person 0.3725 13 203 21 216
person 0.3705 481 95 493 121
person 0.3702 153 136 162 150
person 0.3696 349 285 371 321
person 0.3693 131 138 139 150
person 0.3677 12 215 23 231
person 0.3662 94 166 103 181
person 0.3656 242 83 251 100
person 0.3651 181 113 191 129
person 0.3647 233 22 320 107
person 0.3608 139 137 147 150
person 0.3602 35 193 45 209
person 0.3578 363 284 387 320
person 0.3563 13 209 22 224
person 0.3552 19 223 29 241
person 0.3527 248 83 257 100
person 0.3487 93 103 172 190
person 0.3485 37 37 499 312
person 0.3477 256 89 265 109
person 0.3425 0 214 8 233
person 0.3407 0 201 6 217
person 0.3407 93 171 103 186
person 0.3401 131 141 140 158
person 0.3392 407 255 421 281
person 0.3385 5 210 15 225
person 0.3371 123 150 133 166
person 0.3346 59 103 143 196
person 0.3322 56 186 67 203
person 0.3314 160 128 169 143
person 0.3314 178 78 259 157
person 0.3303 196 112 206 129
person 0.3289 71 186 81 201
person 0.3286 101 159 111 173
person 0.3273 124 140 133 159
person 0.3269 145 142 155 157
person 0.3269 333 11 349 40
person 0.3242 226 99 235 113
person 0.3240 42 192 52 209
person 0.3225 21 196 29 209
person 0.3211 197 120 207 136
person 0.3206 483 135 494 151
person 0.3205 241 90 250 106
person 0.3205 28 131 117 221
person 0.3203 394 262 409 290
person 0.3188 438 235 452 257
person 0.3177 474 275 488 304
person 0.3168 430 235 444 257
person 0.3157 28 195 37 209
person 0.3150 212 106 222 121
person 0.3131 64 180 74 195
person 0.3128 87 156 96 173
person 0.3128 370 278 388 304
person 0.3123 210 89 221 108
person 0.3116 26 155 37 179
person 0.3114 249 69 257 86
person 0.3081 384 270 400 296
person 0.3072 205 108 213 121
person 0.3066 361 285 379 309
person 0.3038 156 79 171 105
person 0.3026 28 180 37 194
person 0.3009 482 138 496 163
person 0.3007 475 152 490 178
