person 0.9226 78 217 318 639
person 0.8136 310 72 479 639
person 0.7968 309 227 329 281
person 0.7899 2 214 109 364
person 0.7423 256 228 274 276
person 0.6873 213 225 232 275
person 0.6765 291 230 305 274
person 0.6211 238 226 254 275
person 0.5609 1 228 130 636
person 0.5242 276 225 292 274
person 0.5150 283 228 298 273
person 0.4816 245 228 257 272
person 0.4814 342 228 357 274
person 0.4489 321 228 336 275
person 0.4043 100 229 107 242
person 0.3812 332 236 346 276
person 0.3607 199 225 210 256
person 0.3400 106 228 112 243
person 0.3385 304 225 320 277
person 0.3308 230 225 243 271
person 0.3060 248 227 258 254
