person 0.9450 377 236 507 476
person 0.7339 270 272 280 304
person 0.6999 237 279 248 303
person 0.5450 523 274 531 294
person 0.5346 592 272 600 291
person 0.4906 89 261 622 303
person 0.4681 507 280 519 298
person 0.4678 542 269 555 293
person 0.4575 551 268 563 293
person 0.4485 508 273 517 293
person 0.4361 336 267 342 282
person 0.3976 403 274 413 289
person 0.3939 486 273 495 287
person 0.3919 18 258 26 270
person 0.3909 397 276 405 289
person 0.3763 617 290 632 308
person 0.3683 18 265 26 272
person 0.3678 377 269 386 282
person 0.3534 424 275 431 285
person 0.3378 619 284 631 301
person 0.3376 608 293 625 308
person 0.3368 296 277 301 283
person 0.3348 592 291 605 308
person 0.3303 518 271 529 296
person 0.3257 596 292 614 307
person 0.3123 471 267 483 281
person 0.3085 591 274 603 305
person 0.3067 4 218 639 339
person 0.3011 477 271 490 286
