person 0.8556 370 209 474 426
person 0.8533 265 157 360 411
person 0.8410 13 2 623 265
person 0.8217 572 179 628 272
person 0.8003 136 168 189 226
person 0.7813 461 169 510 239
person 0.7763 505 160 580 424
person 0.7643 380 167 435 232
person 0.7557 236 171 284 223
person 0.7503 598 43 638 85
person 0.7426 16 62 63 110
person 0.7367 431 170 467 233
person 0.7178 511 21 560 91
person 0.7023 122 159 158 216
person 0.6629 553 30 593 83
person 0.6561 36 156 86 223
person 0.6350 419 55 466 118
person 0.6259 217 158 257 219
person 0.6196 180 159 218 217
person 0.6076 471 43 520 107
person 0.5841 103 74 137 109
person 0.5775 377 82 429 121
person 0.5634 60 71 98 107
person 0.5455 240 23 280 92
person 0.5436 178 59 222 112
person 0.5376 139 71 174 108
person 0.5317 336 74 383 119
person 0.5098 447 39 485 99
person 0.4959 209 33 247 106
person 0.4921 351 172 386 232
person 0.4686 164 41 195 102
person 0.4631 476 199 516 241
person 0.4452 240 40 301 108
person 0.4226 8 3 58 68
person 0.4141 84 35 117 79
person 0.4136 210 12 247 63
person 0.4038 118 36 152 77
person 0.3933 384 36 429 97
person 0.3846 324 20 360 61
person 0.3813 96 66 118 104
person 0.3802 55 55 87 100
person 0.3702 367 7 408 57
person 0.3671 459 16 490 64
person 0.3580 305 50 345 101
person 0.3551 365 49 397 99
person 0.3412 552 6 592 58
person 0.3401 142 32 171 72
person 0.3382 570 181 591 210
person 0.3317 485 22 522 72
person 0.3253 326 167 368 231
person 0.3244 0 59 23 108
person 0.3236 373 30 402 67
person 0.3226 351 42 375 72
person 0.3152 351 46 386 97
person 0.3135 160 5 199 53
person 0.3030 293 41 319 74
person 0.3020 285 13 323 57
person 0.3004 587 42 605 76
