person 0.8827 127 190 198 424
person 0.7943 213 208 240 237
person 0.7918 187 180 215 215
person 0.7729 247 183 269 212
person 0.7292 120 201 146 233
person 0.7214 214 185 241 216
person 0.7197 15 189 40 217
person 0.7094 46 193 72 216
person 0.6978 67 225 105 284
person 0.6880 193 208 216 237
person 0.6706 238 221 264 238
person 0.6598 10 7 324 307
person 0.6260 265 191 292 235
person 0.6252 100 213 128 237
person 0.6224 103 191 128 223
person 0.6169 0 193 15 222
person 0.5608 229 158 253 187
person 0.5506 274 180 296 212
person 0.5371 75 196 103 229
person 0.5308 23 157 52 190
person 0.5177 73 211 100 237
person 0.4977 75 184 102 212
person 0.4920 305 153 332 185
person 0.4856 258 154 285 180
person 0.4836 120 171 143 202
person 0.4745 273 446 332 498
person 0.4681 128 195 151 229
person 0.4637 135 191 155 216
person 0.4465 141 53 166 83
person 0.4247 30 116 57 166
person 0.3940 75 131 97 178
person 0.3911 19 196 52 234
person 0.3900 297 113 322 142
person 0.3868 130 163 152 194
person 0.3770 190 90 215 124
person 0.3707 174 64 194 89
person 0.3524 185 146 210 187
person 0.3523 53 209 96 238
person 0.3427 305 158 332 237
person 0.3386 174 50 197 80
person 0.3360 6 187 21 213
person 0.3349 118 48 140 80
person 0.3343 148 178 163 199
person 0.3327 104 129 128 174
person 0.3281 160 150 185 188
person 0.3246 182 218 201 239
person 0.3227 244 185 276 234
person 0.3094 1 119 23 158
person 0.3048 49 196 81 230
person 0.3012 138 101 158 126
