person 0.9603 333 125 471 351
person 0.8670 277 93 330 149
person 0.8655 67 113 222 395
person 0.8349 142 114 207 247
person 0.7798 191 107 235 193
person 0.7349 337 88 410 188
person 0.7092 551 113 639 236
person 0.6678 512 102 571 266
person 0.6645 411 65 459 123
person 0.6122 33 106 87 235
person 0.6052 456 56 496 166
person 0.5950 228 60 252 83
person 0.5603 369 48 405 104
person 0.5068 216 89 248 133
person 0.4976 278 58 292 80
person 0.4652 372 116 431 209
person 0.4383 82 77 112 127
person 0.4014 227 102 273 155
person 0.3917 107 72 147 111
person 0.3774 224 59 236 79
person 0.3459 205 107 265 181
person 0.3409 44 105 88 159
person 0.3158 628 114 639 165
person 0.3115 319 107 387 185
