person 0.6820 383 11 415 41
person 0.6274 290 43 317 84
person 0.5914 170 254 175 266
person 0.5826 424 23 467 52
person 0.5742 254 81 290 126
person 0.5658 100 255 110 275
person 0.5457 237 89 271 140
person 0.5103 273 80 297 124
person 0.4977 199 46 533 300
person 0.4769 323 25 339 43
person 0.4716 112 255 120 270
person 0.4466 255 81 278 109
person 0.4024 94 254 104 277
person 0.3982 567 253 578 271
person 0.3973 612 267 622 283
person 0.3942 86 253 95 276
person 0.3731 247 85 274 124
person 0.3689 376 199 427 259
person 0.3598 459 54 494 98
person 0.3546 438 206 475 253
person 0.3538 422 25 468 92
person 0.3348 276 81 294 105
person 0.3341 220 141 236 159
person 0.3324 234 134 249 163
person 0.3269 351 35 379 77
person 0.3167 224 114 253 156
person 0.3137 312 27 341 66
person 0.3101 599 273 609 291
person 0.3088 102 250 111 263
person 0.3024 462 49 485 85
