person 0.8739 0 206 246 477
person 0.8536 191 72 270 192
person 0.8118 319 24 391 120
person 0.8052 0 85 96 262
person 0.7917 425 124 586 479
person 0.7906 113 78 174 202
person 0.7841 412 89 485 215
person 0.7814 531 108 620 234
person 0.7402 231 127 388 479
person 0.6300 514 214 636 477
person 0.6096 332 109 431 277
person 0.5942 361 86 423 182
person 0.5417 279 80 334 153
person 0.5017 1 65 63 170
person 0.4169 0 228 47 311
person 0.4070 419 404 506 475
person 0.3445 163 133 243 265
person 0.3363 296 30 369 141
person 0.3283 283 64 352 179
person 0.3153 382 395 551 479
person 0.3151 249 84 330 222
