person 0.6513 421 195 450 275
person 0.6308 342 191 369 241
person 0.6099 296 188 328 304
person 0.5931 424 143 435 166
person 0.5897 355 143 363 165
person 0.5634 430 143 439 166
person 0.5010 320 159 329 181
person 0.4651 348 143 359 163
person 0.4604 302 183 315 208
person 0.4134 301 184 322 232
person 0.3421 350 150 358 165
person 0.3310 383 164 390 175
person 0.3247 326 158 334 180
person 0.3196 326 152 336 173
person 0.3187 307 161 323 182
person 0.3086 316 183 392 309
person 0.3068 318 151 330 174
person 0.3065 319 142 330 160
