person 0.8887 281 100 343 256
person 0.7055 346 260 356 281
person 0.6636 286 296 298 309
person 0.6366 167 303 174 323
person 0.5622 400 243 411 269
person 0.4737 145 303 151 313
person 0.4714 576 238 582 248
person 0.4645 330 268 337 282
person 0.4430 480 238 490 260
person 0.4362 616 211 620 219
person 0.4090 563 238 570 251
person 0.4077 517 239 525 255
person 0.4069 525 235 534 254
person 0.3937 469 230 481 261
person 0.3807 496 245 502 259
person 0.3558 26 311 36 334
person 0.3118 462 256 474 270
person 0.3007 512 240 519 254
