person 0.8320 212 194 264 263
person 0.8191 319 195 369 273
person 0.8093 252 206 334 270
person 0.7673 65 170 108 232
person 0.7251 100 161 146 241
person 0.7065 169 179 218 257
person 0.6462 137 170 180 247
person 0.6404 398 183 443 227
person 0.6371 196 193 234 258
person 0.5948 437 183 477 223
person 0.5483 237 167 338 260
person 0.4991 79 164 126 237
person 0.4944 194 164 283 257
person 0.4546 363 191 405 244
person 0.4503 390 178 477 256
person 0.4485 256 210 296 265
person 0.4391 154 170 203 247
person 0.4356 53 141 125 224
person 0.3967 122 134 206 228
person 0.3943 46 159 79 215
person 0.3864 92 136 171 229
person 0.3791 314 172 397 250
person 0.3764 440 185 516 258
person 0.3728 354 171 425 250
person 0.3698 215 136 351 218
person 0.3682 154 133 258 233
person 0.3539 118 160 161 222
person 0.3464 272 158 300 185
person 0.3169 48 76 521 277
person 0.3120 101 162 129 201
person 0.3085 57 165 80 198
