person 0.7709 127 429 198 497
person 0.7040 213 385 242 485
person 0.5066 239 395 262 436
person 0.4919 87 428 127 499
person 0.4903 245 355 266 418
person 0.4817 329 316 349 355
person 0.4773 178 404 217 495
person 0.4476 111 430 144 499
person 0.4447 262 357 283 415
person 0.4344 48 473 73 499
person 0.4253 231 393 255 469
person 0.3949 34 352 44 363
person 0.3854 23 351 35 365
person 0.3793 15 374 31 396
person 0.3512 309 263 315 275
person 0.3495 168 412 201 460
person 0.3467 294 369 349 481
person 0.3441 187 358 341 499
person 0.3437 141 420 163 451
person 0.3425 72 455 114 499
person 0.3424 10 358 33 395
person 0.3321 7 369 23 400
person 0.3253 154 377 182 428
person 0.3154 318 437 330 468
person 0.3130 216 383 241 434
person 0.3130 23 352 36 387
person 0.3118 176 313 197 349
person 0.3111 133 422 152 453
person 0.3095 258 390 276 425
person 0.3060 173 318 185 350
person 0.3058 313 263 317 276
person 0.3056 181 402 203 428
person 0.3043 31 353 45 386
