person 0.9159 12 142 126 324
person 0.9017 92 178 230 329
person 0.8841 215 71 262 127
person 0.8624 262 62 358 291
person 0.7857 83 72 145 138
person 0.7689 388 58 456 112
person 0.7519 25 90 70 147
person 0.7162 167 73 220 134
person 0.6421 49 83 81 138
person 0.5036 0 81 18 147
person 0.4309 272 76 297 118
person 0.3876 0 0 8 14
person 0.3771 279 77 299 101
person 0.3645 188 77 249 136
person 0.3538 12 0 38 15
person 0.3358 38 0 70 16
person 0.3219 259 79 289 122
person 0.3180 42 72 102 143
person 0.3120 127 71 197 138
