person 0.8937 86 204 162 358
person 0.8473 204 186 254 357
person 0.7170 248 186 297 347
person 0.6731 611 124 637 205
person 0.6721 549 142 610 212
person 0.5894 488 150 537 277
person 0.5104 599 134 613 161
person 0.4811 337 170 371 205
person 0.4599 584 138 597 156
person 0.4347 307 192 342 230
person 0.3962 422 174 449 194
person 0.3946 285 194 305 227
person 0.3798 282 194 309 251
person 0.3718 293 190 325 236
person 0.3271 572 136 582 157
person 0.3205 412 177 424 193
person 0.3072 161 157 614 347
