person 0.8204 204 198 306 431
person 0.8184 381 179 439 407
person 0.7800 306 157 381 454
person 0.6914 90 163 254 479
person 0.6117 260 173 311 291
person 0.5599 424 181 463 397
person 0.5245 364 183 397 240
person 0.4859 88 220 128 253
person 0.4518 82 218 131 312
person 0.4261 185 171 234 254
person 0.4203 183 173 222 217
person 0.3968 249 183 323 422
person 0.3959 120 154 214 262
person 0.3873 137 163 181 196
person 0.3704 240 165 281 216
person 0.3650 313 182 394 307
person 0.3535 242 162 294 264
person 0.3532 362 180 399 307
person 0.3408 282 179 365 370
person 0.3348 43 255 82 324
person 0.3343 424 195 462 262
person 0.3339 205 177 289 300
person 0.3073 439 216 481 391
