person 0.8484 26 139 63 252
person 0.7747 569 160 616 235
person 0.7626 214 118 365 359
person 0.7296 58 151 112 247
person 0.6866 177 176 193 217
person 0.6491 241 147 278 195
person 0.6335 202 177 215 213
person 0.6287 287 106 403 338
person 0.4034 492 133 549 236
person 0.3722 102 199 119 219
person 0.3593 225 142 280 224
person 0.3496 505 132 553 192
person 0.3365 166 87 464 355
person 0.3337 207 144 298 291
person 0.3128 203 169 226 212
person 0.3083 390 171 442 237
person 0.3019 341 123 440 237
