person 0.7655 210 140 269 234
person 0.7652 113 135 192 243
person 0.7441 20 208 302 479
person 0.6875 337 144 396 234
person 0.6067 276 134 346 242
person 0.5722 509 169 633 378
person 0.5008 56 141 116 239
person 0.4941 395 134 484 267
person 0.4351 410 134 465 212
person 0.4114 351 132 439 258
person 0.4069 533 134 580 180
person 0.3574 31 74 611 263
person 0.3504 94 131 224 280
person 0.3478 238 139 327 255
person 0.3433 166 135 254 255
person 0.3409 47 149 119 340
person 0.3258 377 141 430 235
person 0.3167 516 150 590 234
person 0.3137 0 128 27 168
person 0.3109 391 139 422 203
person 0.3024 298 114 493 292
