person 0.5634 403 504 423 574
person 0.5486 47 531 57 556
person 0.5279 57 531 67 554
person 0.5214 209 525 222 559
person 0.4733 112 530 121 547
person 0.4723 245 565 261 591
person 0.4577 170 522 180 545
person 0.4522 6 506 472 585
person 0.4522 134 531 143 543
person 0.4413 142 531 151 544
person 0.4361 474 565 503 622
person 0.4271 123 527 131 542
person 0.4263 442 542 457 563
person 0.4150 150 533 157 544
person 0.4140 178 540 190 556
person 0.4039 477 536 496 561
person 0.3920 85 527 93 542
person 0.3887 479 534 493 551
person 0.3774 165 525 172 543
person 0.3719 465 536 482 562
person 0.3680 504 551 517 572
person 0.3588 430 546 443 569
person 0.3583 451 566 477 607
person 0.3582 41 536 51 557
person 0.3559 64 532 71 550
person 0.3385 260 563 276 588
person 0.3302 442 549 473 599
person 0.3281 447 547 464 566
person 0.3250 108 526 116 539
person 0.3095 29 522 41 556
person 0.3025 177 567 194 583
person 0.3019 228 567 252 590
person 0.3008 29 539 39 558
