person 0.9070 346 187 379 286
person 0.8977 4 191 30 277
person 0.8391 313 193 341 283
person 0.8113 216 197 239 250
person 0.7271 162 200 180 236
person 0.6401 199 199 217 245
person 0.6109 284 189 303 256
person 0.5012 0 196 11 283
person 0.4514 188 192 199 233
person 0.4433 110 201 121 226
person 0.4412 286 189 316 310
person 0.4078 136 197 147 229
person 0.3988 104 201 115 224
person 0.3976 119 201 129 225
person 0.3369 158 203 169 234
person 0.3288 81 203 97 221
person 0.3148 91 202 104 221
person 0.3057 54 202 64 220
