person 0.8191 548 253 588 377
person 0.8135 242 172 398 418
person 0.7241 0 2 639 270
person 0.6867 43 254 77 295
person 0.6816 74 235 106 286
person 0.6636 150 269 197 311
person 0.5897 564 151 594 204
person 0.5588 611 144 639 207
person 0.5289 150 145 180 191
person 0.5287 97 173 135 235
person 0.5110 427 154 457 210
person 0.5047 19 251 45 278
person 0.4866 366 96 399 156
person 0.4844 14 252 48 301
person 0.4664 380 213 414 238
person 0.4649 466 144 499 212
person 0.4582 34 148 63 206
person 0.4528 613 217 639 248
person 0.4516 128 178 157 232
person 0.4495 337 82 366 136
person 0.4479 0 251 56 416
person 0.4447 429 222 447 241
person 0.4424 531 143 564 197
person 0.4363 6 138 34 198
person 0.4315 396 78 419 143
person 0.4180 190 271 228 295
person 0.4014 31 95 54 131
person 0.3995 482 220 510 242
person 0.3941 202 120 226 159
person 0.3914 576 15 606 59
person 0.3905 563 15 592 57
person 0.3901 560 31 593 76
person 0.3869 558 48 583 83
person 0.3864 247 87 287 135
person 0.3826 62 88 94 134
person 0.3806 415 71 443 133
person 0.3787 585 226 611 246
person 0.3780 181 143 210 196
person 0.3759 497 138 527 199
person 0.3747 256 66 279 98
person 0.3708 577 284 599 378
person 0.3664 262 137 294 193
person 0.3640 237 146 270 211
person 0.3625 472 96 493 126
person 0.3602 119 133 147 169
person 0.3580 262 133 290 168
person 0.3580 345 96 384 156
person 0.3547 602 53 623 83
person 0.3541 178 250 204 277
person 0.3458 7 116 35 152
person 0.3451 199 140 231 196
person 0.3420 444 156 474 212
person 0.3414 403 143 429 176
person 0.3384 510 7 532 64
person 0.3360 172 89 196 120
person 0.3360 174 120 199 160
person 0.3336 117 25 140 53
person 0.3332 88 139 115 192
person 0.3312 26 252 68 298
person 0.3294 93 98 118 150
person 0.3293 524 153 544 202
person 0.3250 120 112 148 146
person 0.3235 70 157 98 208
person 0.3198 447 96 467 127
person 0.3186 142 90 165 139
person 0.3160 412 148 442 207
person 0.3160 165 98 197 148
person 0.3133 10 40 35 74
person 0.3109 256 119 279 148
person 0.3034 235 121 260 155
person 0.3022 587 24 611 65
person 0.3020 88 126 112 158
person 0.3013 586 13 609 47
person 0.3011 573 145 605 197
