person 0.9602 18 29 302 299
person 0.8318 270 77 316 143
person 0.7539 459 38 512 152
person 0.7297 28 85 96 213
person 0.7049 236 77 272 140
person 0.6976 348 75 386 148
person 0.6526 596 51 638 159
person 0.6522 318 83 351 146
person 0.6419 559 49 615 157
person 0.6410 514 48 567 155
person 0.6402 353 8 424 151
person 0.6124 425 80 459 146
person 0.5911 68 61 101 115
person 0.5071 406 80 439 146
person 0.4973 70 74 106 179
person 0.4710 0 49 639 187
person 0.4579 2 80 42 213
person 0.4082 211 78 230 104
person 0.4027 389 87 426 155
person 0.3733 13 77 42 137
person 0.3716 458 88 472 114
person 0.3714 228 80 245 109
person 0.3578 267 89 281 119
person 0.3453 221 81 249 134
person 0.3173 94 69 106 95
person 0.3026 609 94 638 158
