person 0.8762 386 143 455 270
person 0.8518 335 150 393 263
person 0.8477 277 151 339 265
person 0.8044 573 140 616 223
person 0.7934 14 203 34 265
person 0.7767 197 162 265 286
person 0.7653 465 144 522 241
person 0.6850 514 153 555 235
person 0.6561 610 183 639 313
person 0.6326 0 208 15 269
person 0.5606 96 161 162 287
person 0.5321 234 166 275 277
person 0.5077 165 159 202 212
person 0.4559 254 165 284 215
person 0.4519 503 166 521 198
person 0.4403 457 161 469 185
person 0.4343 613 145 638 202
person 0.4139 501 147 528 189
person 0.3999 432 154 464 221
person 0.3944 624 144 639 187
person 0.3906 277 166 293 187
person 0.3813 505 145 520 167
person 0.3778 564 143 578 172
person 0.3775 492 139 583 231
person 0.3775 444 160 465 207
person 0.3673 420 150 465 260
person 0.3601 609 147 625 179
person 0.3458 534 150 574 229
person 0.3435 559 146 582 182
person 0.3397 160 168 181 200
person 0.3380 451 160 465 187
person 0.3376 531 145 545 167
person 0.3353 241 168 274 216
person 0.3317 232 172 248 190
person 0.3309 436 158 456 189
person 0.3182 505 151 521 177
person 0.3151 439 157 453 177
person 0.3113 249 159 287 260
person 0.3003 431 157 444 176
