person 0.6571 206 105 257 211
person 0.6427 149 110 201 212
person 0.6290 205 0 258 102
person 0.6211 142 0 197 101
person 0.5935 73 5 132 114
person 0.5779 13 119 77 229
person 0.5753 263 1 314 100
person 0.5394 321 1 360 93
person 0.5276 85 113 141 214
person 0.5251 265 105 309 207
person 0.5215 308 198 341 278
person 0.5120 208 210 258 296
person 0.5111 5 2 69 120
person 0.4552 88 4 163 104
person 0.4456 374 0 415 94
person 0.4152 266 205 305 291
person 0.4056 362 198 391 278
person 0.3880 412 0 456 92
person 0.3783 163 9 243 99
person 0.3706 368 100 398 182
person 0.3533 395 95 443 217
person 0.3436 321 99 354 187
person 0.3357 395 204 433 297
