person 0.9220 532 126 581 210
person 0.8955 501 127 536 212
person 0.8166 584 135 626 209
person 0.6438 95 155 102 164
person 0.6123 122 154 127 162
person 0.5528 89 156 95 165
person 0.5009 3 161 10 169
person 0.4559 620 104 639 210
person 0.4287 148 152 155 161
person 0.4112 101 155 106 163
person 0.3884 60 160 66 167
person 0.3765 16 159 23 174
person 0.3634 132 153 142 162
person 0.3597 143 153 151 162
person 0.3509 319 146 325 152
person 0.3355 149 142 156 155
person 0.3281 87 159 94 166
person 0.3081 9 159 20 170
