person 0.9269 197 65 365 360
person 0.7700 438 166 480 252
person 0.5730 550 187 566 209
person 0.5031 510 187 519 205
person 0.4935 430 172 466 239
person 0.4295 514 188 525 205
person 0.4098 555 186 576 211
person 0.4097 546 190 558 208
person 0.4019 606 187 623 211
person 0.3613 572 191 589 207
person 0.3526 546 186 571 229
person 0.3509 595 208 614 243
person 0.3425 533 192 547 206
person 0.3394 617 200 634 235
person 0.3351 398 160 477 254
person 0.3310 563 195 593 237
person 0.3272 597 195 621 238
person 0.3251 590 189 605 208
person 0.3047 551 198 568 238
person 0.3038 555 188 584 228
