person 0.8028 368 309 446 474
person 0.7112 29 200 100 380
person 0.6806 496 252 516 310
person 0.6362 85 206 133 372
person 0.6180 244 208 276 359
person 0.6080 144 233 182 370
person 0.6069 535 251 552 299
person 0.6034 206 212 250 367
person 0.5905 366 231 397 275
person 0.5785 514 255 529 305
person 0.5685 311 235 343 337
person 0.5547 469 265 485 304
person 0.5397 520 254 538 305
person 0.5068 485 260 501 306
person 0.4899 448 260 465 309
person 0.4842 287 237 307 273
person 0.4592 337 231 366 303
person 0.4253 362 229 401 314
person 0.4080 171 212 238 358
person 0.3568 276 233 302 339
person 0.3498 346 231 373 275
person 0.3476 407 235 437 306
person 0.3436 417 246 436 275
person 0.3432 161 235 198 342
person 0.3392 291 237 325 337
person 0.3346 392 243 412 271
person 0.3281 311 233 340 275
person 0.3237 241 216 273 279
person 0.3197 235 222 324 389
person 0.3117 276 232 302 275
person 0.3075 393 235 422 302
person 0.3072 605 247 632 296
person 0.3070 409 245 429 276
person 0.3038 533 250 564 309
person 0.3001 146 230 174 277
