person 0.7221 412 180 455 217
person 0.7166 331 171 386 216
person 0.6394 460 187 492 228
person 0.5854 386 188 414 221
person 0.5507 386 192 402 218
person 0.4662 414 197 430 213
person 0.4581 398 188 441 223
person 0.4547 427 184 464 225
person 0.4467 479 180 498 215
person 0.4155 470 185 491 212
person 0.3772 439 183 451 200
person 0.3427 449 179 480 215
person 0.3381 355 186 394 223
person 0.3364 480 207 496 231
person 0.3342 437 186 452 209
person 0.3325 435 191 455 219
person 0.3301 457 198 478 226
person 0.3174 462 207 484 231
person 0.3014 296 194 327 215
person 0.3012 451 186 467 211
