person 0.9041 155 52 232 221
person 0.8870 264 57 352 222
person 0.8651 223 13 295 143
person 0.7554 81 14 168 228
person 0.6240 291 23 331 76
person 0.5470 358 84 385 153
person 0.5427 349 77 368 141
person 0.5016 340 76 357 141
person 0.4998 385 141 420 186
person 0.4928 60 0 145 87
person 0.3920 139 12 176 81
person 0.3856 124 13 181 138
person 0.3828 91 0 155 122
person 0.3793 284 17 331 127
person 0.3789 343 78 356 113
person 0.3446 335 93 350 142
person 0.3328 111 20 211 228
person 0.3099 370 108 402 161
person 0.3084 355 78 371 127
