person 0.8621 3 129 107 370
person 0.8410 317 143 516 373
person 0.8382 208 109 268 219
person 0.8275 448 132 508 309
person 0.7922 585 110 635 302
person 0.7797 544 170 622 313
person 0.7252 267 105 319 272
person 0.7242 299 171 367 315
person 0.7125 46 211 213 375
person 0.6654 394 111 442 179
person 0.6479 210 173 285 317
person 0.5375 323 116 376 203
person 0.4197 237 177 317 312
person 0.4123 434 130 465 192
person 0.4063 439 125 468 273
person 0.3426 171 120 323 312
person 0.3275 81 196 201 317
person 0.3248 285 121 357 228
person 0.3168 519 171 590 312
person 0.3117 44 113 599 310
person 0.3110 262 123 388 311
person 0.3060 393 111 465 230
person 0.3044 558 108 590 189
