person 0.9384 0 28 226 345
person 0.8911 398 87 498 236
person 0.8586 229 81 344 292
person 0.8234 353 101 415 170
person 0.8122 231 25 312 159
person 0.7721 413 37 489 155
person 0.7420 319 64 352 121
person 0.6720 172 97 215 181
person 0.6236 308 117 350 182
person 0.6177 0 88 51 301
person 0.6126 21 68 54 114
person 0.5293 400 55 432 123
person 0.5256 245 28 295 126
person 0.5216 179 85 196 107
person 0.3639 175 87 201 126
person 0.3469 220 63 292 181
person 0.3424 188 54 380 361
person 0.3395 399 67 441 171
person 0.3343 423 42 477 108
person 0.3066 19 68 46 93
person 0.3020 329 88 415 227
