person 0.7124 3 364 18 406
person 0.6911 206 371 222 402
person 0.6716 0 288 639 416
person 0.6519 24 366 41 407
person 0.5767 454 351 463 368
person 0.5205 574 336 581 355
person 0.4845 507 330 514 349
person 0.4817 440 351 449 365
person 0.4678 231 339 243 356
person 0.4496 537 330 545 350
person 0.4294 141 306 151 331
person 0.4198 48 460 69 479
person 0.4185 586 342 593 357
person 0.4110 570 364 579 381
person 0.4041 489 330 497 347
person 0.3991 46 298 57 324
person 0.3981 552 350 559 368
person 0.3953 55 299 66 324
person 0.3875 497 331 505 347
person 0.3862 540 335 546 354
person 0.3764 17 301 28 322
person 0.3706 65 298 76 325
person 0.3703 0 286 283 421
person 0.3696 56 342 62 353
person 0.3647 130 308 140 331
person 0.3639 48 301 513 380
person 0.3618 82 304 92 328
person 0.3579 151 306 161 332
person 0.3536 112 304 123 332
person 0.3536 37 298 47 323
person 0.3526 92 299 103 325
person 0.3525 481 329 489 347
person 0.3508 555 338 562 355
person 0.3478 72 300 81 324
person 0.3477 595 355 603 373
person 0.3433 557 333 564 349
person 0.3432 424 330 432 346
person 0.3399 215 327 224 344
person 0.3270 27 298 36 321
person 0.3264 291 319 300 340
person 0.3235 453 329 462 347
person 0.3182 27 293 35 309
person 0.3178 9 300 19 319
person 0.3159 119 307 129 332
person 0.3128 601 337 608 355
person 0.3117 272 332 280 345
person 0.3098 245 328 256 348
person 0.3081 169 308 179 332
person 0.3035 200 319 208 338
person 0.3028 0 299 8 320
