person 0.8500 540 17 579 133
person 0.8258 226 6 284 205
person 0.8037 19 13 75 141
person 0.7482 256 56 449 307
person 0.7408 0 16 22 128
person 0.7168 63 13 102 138
person 0.7066 435 12 474 70
person 0.6986 521 14 548 122
person 0.6564 330 14 367 85
person 0.6353 503 9 535 126
person 0.5820 162 2 207 113
person 0.5698 348 10 382 92
person 0.4854 500 7 527 63
person 0.4558 530 8 548 48
person 0.4489 362 8 381 50
person 0.4455 316 11 344 58
person 0.4371 325 5 344 34
person 0.4312 364 9 394 89
person 0.4269 349 8 370 50
person 0.4090 243 0 337 216
person 0.3960 591 10 634 99
person 0.3921 91 11 168 137
person 0.3882 37 6 67 51
person 0.3699 130 11 202 135
person 0.3651 83 45 120 134
person 0.3649 103 46 135 127
person 0.3484 0 14 54 149
person 0.3470 46 11 83 138
person 0.3462 487 8 516 59
person 0.3375 63 8 78 29
person 0.3315 363 9 378 31
person 0.3272 170 13 244 140
person 0.3263 3 8 23 50
person 0.3198 327 19 356 61
person 0.3129 316 13 333 45
person 0.3072 316 17 352 83
person 0.3028 109 51 128 98
