person 0.9395 45 0 272 424
person 0.9293 271 69 419 252
person 0.7762 354 68 434 234
person 0.7572 486 166 636 328
person 0.7546 180 67 246 154
person 0.7498 528 71 573 129
person 0.7332 232 54 314 182
person 0.7326 578 79 634 140
person 0.6886 500 68 535 114
person 0.4774 483 51 517 112
person 0.4408 205 40 309 260
person 0.4384 268 59 318 136
person 0.4264 459 164 630 476
person 0.4027 294 68 313 102
person 0.3919 403 55 437 179
person 0.3911 472 72 494 111
person 0.3845 560 86 581 123
person 0.3768 224 58 259 136
person 0.3486 595 40 639 87
person 0.3335 475 94 495 112
person 0.3132 518 71 541 114
person 0.3027 346 64 364 80
