person 0.9415 221 199 370 494
person 0.8853 134 234 245 498
person 0.7529 126 262 172 482
person 0.7055 84 279 121 439
person 0.6037 52 259 69 304
person 0.5760 36 265 50 303
person 0.5460 22 265 36 301
person 0.5429 0 271 18 354
person 0.5310 107 287 134 431
person 0.4979 66 263 82 303
person 0.4638 12 261 28 303
person 0.4515 88 260 106 288
person 0.4128 68 264 81 283
person 0.4106 165 92 174 108
person 0.4041 15 257 27 278
person 0.3896 110 277 138 321
person 0.3834 30 267 43 301
person 0.3661 87 235 288 390
person 0.3299 225 280 249 314
person 0.3193 0 259 200 311
person 0.3136 4 268 21 299
