person 0.9078 276 132 377 247
person 0.8855 236 214 468 419
person 0.8658 324 33 386 188
person 0.8457 388 106 562 415
person 0.8431 122 29 173 181
person 0.8320 184 47 223 168
person 0.8138 3 52 83 206
person 0.8057 0 245 172 424
person 0.8037 500 108 571 214
person 0.6891 474 39 522 143
person 0.6762 392 114 442 184
person 0.6745 225 51 258 155
person 0.5719 312 47 341 141
person 0.4851 265 42 302 98
person 0.4715 262 50 296 153
person 0.4429 0 57 27 193
person 0.3815 35 61 599 294
person 0.3699 440 103 460 121
person 0.3631 0 137 93 283
person 0.3609 289 26 423 196
person 0.3490 103 20 615 195
person 0.3308 1 129 23 201
person 0.3132 1 139 50 263
