person 0.8688 423 292 509 455
person 0.7103 556 288 597 395
person 0.7083 514 281 564 414
person 0.6783 376 291 405 351
person 0.5549 500 289 524 368
person 0.5395 603 284 626 360
person 0.5385 366 288 381 336
person 0.5148 616 288 637 363
person 0.5123 412 291 430 350
person 0.5107 398 287 416 347
person 0.5027 489 288 516 363
person 0.4818 473 289 495 319
person 0.4583 331 293 343 330
person 0.4151 472 284 497 350
person 0.3971 584 285 611 369
person 0.3951 516 284 530 303
person 0.3691 0 228 47 420
person 0.3622 424 290 447 356
person 0.3517 370 288 389 346
person 0.3329 463 287 554 422
person 0.3299 419 289 436 332
person 0.3292 431 289 444 312
person 0.3263 522 283 535 304
