person 0.5426 94 304 101 317
person 0.5088 105 308 110 318
person 0.4164 121 307 126 315
person 0.4134 309 123 342 172
person 0.3917 336 227 349 244
person 0.3805 254 264 262 278
person 0.3723 600 201 613 223
person 0.3676 523 189 535 204
person 0.3607 549 220 570 247
person 0.3395 116 306 122 315
person 0.3364 346 227 355 243
person 0.3355 300 130 328 174
person 0.3215 45 318 56 343
person 0.3103 520 190 529 203
person 0.3093 313 232 320 244
person 0.3043 312 143 338 176
person 0.3014 333 227 341 244
