person 0.7810 95 552 115 608
person 0.7207 68 549 87 601
person 0.6186 269 570 283 601
person 0.5827 364 557 378 597
person 0.5381 77 548 103 603
person 0.5269 243 562 251 576
person 0.5071 149 573 160 600
person 0.5002 232 561 241 575
person 0.4752 119 553 128 567
person 0.4745 220 559 231 576
person 0.4620 193 560 202 576
person 0.4502 347 559 358 581
person 0.4326 412 564 420 577
person 0.4283 151 567 168 603
person 0.4262 43 543 52 557
person 0.4190 190 0 318 168
person 0.4120 309 563 317 578
person 0.4086 157 552 166 570
person 0.4068 166 558 176 577
person 0.3974 36 407 383 608
person 0.3963 214 559 225 577
person 0.3911 34 544 43 556
person 0.3799 111 553 120 566
person 0.3728 185 560 195 576
person 0.3630 351 561 364 580
person 0.3567 392 569 401 582
person 0.3513 91 550 99 565
person 0.3493 146 552 156 567
person 0.3478 420 563 427 577
person 0.3425 25 544 35 556
person 0.3379 157 559 167 576
person 0.3178 401 569 411 582
person 0.3143 62 549 72 566
person 0.3108 54 546 63 557
person 0.3010 62 546 72 559
person 0.3007 116 547 131 572
