person 0.7717 327 175 353 241
person 0.6829 212 220 220 236
person 0.5811 386 199 424 233
person 0.5013 277 213 288 229
person 0.4545 405 188 435 225
person 0.4543 131 238 138 247
person 0.4499 182 228 191 242
person 0.4337 189 228 197 242
person 0.4331 304 210 321 230
person 0.4231 20 232 34 252
person 0.4002 256 218 263 229
person 0.3972 183 225 190 236
person 0.3815 190 225 197 236
person 0.3758 205 222 214 235
person 0.3520 26 236 37 251
person 0.3492 396 200 407 213
person 0.3484 193 192 305 256
person 0.3328 483 213 495 227
person 0.3311 177 225 184 235
person 0.3255 270 216 280 228
person 0.3224 198 225 206 234
person 0.3187 491 213 499 228
person 0.3028 123 229 134 242
person 0.3017 405 211 424 232
