person 0.8496 5 539 37 610
person 0.8334 324 578 354 639
person 0.7733 152 525 196 586
person 0.7602 250 509 279 562
person 0.7399 172 521 202 582
person 0.6974 31 484 44 504
person 0.6837 87 536 123 604
person 0.6369 423 484 437 504
person 0.5950 55 482 70 502
person 0.5501 12 487 25 502
person 0.5090 190 474 200 493
person 0.5015 69 479 84 500
person 0.4851 48 481 64 503
person 0.4778 105 475 119 496
person 0.4687 123 475 134 495
person 0.4511 20 488 34 503
person 0.4455 44 485 54 503
person 0.4286 0 478 15 504
person 0.4180 97 461 107 482
person 0.4154 45 454 61 477
person 0.4029 115 476 130 494
person 0.3939 111 454 121 475
person 0.3908 222 479 231 503
person 0.3874 229 477 238 497
person 0.3812 135 454 148 478
person 0.3688 55 522 68 536
person 0.3264 405 470 416 503
