person 0.8905 124 223 185 331
person 0.8555 463 170 525 308
person 0.3903 392 249 403 260
person 0.3824 109 239 123 265
person 0.3821 163 233 249 326
person 0.3679 389 250 397 260
person 0.3566 299 254 312 273
person 0.3553 395 238 406 256
person 0.3528 28 241 38 265
person 0.3448 307 254 320 273
person 0.3443 44 239 55 258
person 0.3390 423 242 432 254
person 0.3229 308 253 339 273
person 0.3214 346 256 356 272
person 0.3077 309 253 318 264
person 0.3039 108 218 127 255
person 0.3012 169 256 221 328
