person 0.7951 20 185 43 242
person 0.7360 449 189 462 218
person 0.7153 113 187 135 244
person 0.6689 55 187 70 218
person 0.6570 469 188 479 212
person 0.6479 590 188 606 222
person 0.5998 332 189 342 215
person 0.5753 313 188 323 214
person 0.4841 0 178 589 229
person 0.4319 516 186 527 215
person 0.4271 489 189 497 210
person 0.3878 464 188 470 203
person 0.3844 442 190 451 215
person 0.3657 382 188 394 213
person 0.3650 480 186 488 204
person 0.3501 200 193 207 206
person 0.3247 524 185 536 201
person 0.3247 109 186 121 220
person 0.3200 292 187 301 204
person 0.3156 149 182 159 206
person 0.3118 499 191 508 210
person 0.3040 442 188 450 202
