person 0.8059 374 334 421 462
person 0.7654 105 318 136 417
person 0.7572 323 327 361 447
person 0.7323 579 348 635 475
person 0.6632 286 325 324 447
person 0.6603 216 321 243 402
person 0.6390 133 317 163 408
person 0.6339 440 357 486 468
person 0.6318 51 319 80 376
person 0.6215 275 328 308 438
person 0.5869 515 328 546 425
person 0.5738 350 336 374 428
person 0.5552 255 328 286 428
person 0.5528 419 335 458 464
person 0.5137 167 320 194 408
person 0.4934 11 319 41 367
person 0.4930 237 323 261 406
person 0.4855 179 320 201 404
person 0.4808 215 379 245 426
person 0.4787 74 313 99 381
person 0.4769 49 300 593 458
person 0.4612 280 311 361 467
person 0.4599 539 331 577 436
person 0.4209 553 334 620 467
person 0.4190 149 383 177 427
person 0.4125 244 310 327 462
person 0.3933 546 328 575 384
person 0.3797 424 335 458 392
person 0.3717 313 312 403 469
person 0.3695 275 312 515 462
person 0.3414 171 301 395 457
person 0.3399 370 319 395 370
person 0.3373 1 318 25 365
person 0.3265 132 324 212 446
person 0.3262 390 317 425 373
person 0.3200 159 321 183 391
person 0.3182 447 335 476 391
person 0.3179 406 328 426 368
person 0.3150 199 315 295 455
person 0.3089 514 335 588 459
person 0.3066 157 322 258 447
