person 0.6759 270 216 284 257
person 0.6597 314 211 331 244
person 0.6503 337 207 347 227
person 0.6418 588 142 638 218
person 0.6147 151 221 178 254
person 0.6122 193 222 209 249
person 0.5884 295 214 311 257
person 0.5713 251 227 265 263
person 0.5442 259 218 275 254
person 0.5283 385 201 394 216
person 0.4794 219 229 238 259
person 0.4745 211 222 229 252
person 0.4461 368 202 377 217
person 0.4133 316 210 330 227
person 0.4132 195 220 207 238
person 0.4007 203 221 220 252
person 0.3753 383 203 396 229
person 0.3668 372 201 385 230
person 0.3653 366 203 379 230
person 0.3554 181 173 309 270
person 0.3532 182 221 205 251
person 0.3354 214 200 342 287
person 0.3043 255 177 380 261
