person 0.9167 216 46 476 319
person 0.8234 525 163 597 328
person 0.5296 116 312 162 373
person 0.4257 19 217 30 233
person 0.4009 92 351 107 380
person 0.3990 162 332 183 370
person 0.3815 98 356 111 378
person 0.3810 41 308 140 411
person 0.3650 206 240 252 310
person 0.3648 87 307 177 406
person 0.3632 571 233 614 319
person 0.3605 85 341 98 377
person 0.3538 82 321 93 336
person 0.3521 30 344 64 394
person 0.3498 35 220 46 237
person 0.3366 25 218 38 235
person 0.3299 10 343 45 394
person 0.3125 78 153 99 184
