person 0.7969 337 330 471 625
person 0.5814 160 373 175 407
person 0.5221 368 385 382 416
person 0.5007 133 376 146 404
person 0.4856 387 386 401 410
person 0.4171 350 384 365 416
person 0.3995 58 390 70 406
person 0.3904 77 387 88 407
person 0.3856 360 384 372 415
person 0.3821 405 386 419 409
person 0.3761 71 388 82 406
person 0.3617 369 382 381 400
person 0.3582 378 383 393 416
person 0.3366 360 381 371 400
person 0.3259 342 394 354 419
person 0.3176 50 390 63 407
person 0.3128 351 381 363 400
person 0.3015 380 383 391 401
person 0.3009 395 384 413 412
