person 0.8254 533 109 548 142
person 0.7987 64 115 87 173
person 0.7853 162 112 181 161
person 0.7727 215 116 230 157
person 0.7615 139 121 163 185
person 0.7134 250 126 264 160
person 0.7057 353 119 372 162
person 0.5919 189 131 207 161
person 0.4633 104 131 118 160
person 0.4473 299 138 315 159
person 0.4465 156 116 171 157
person 0.3882 120 135 134 160
person 0.3716 188 126 202 148
person 0.3703 42 112 439 172
person 0.3604 334 125 346 148
person 0.3504 116 170 140 199
person 0.3403 235 124 249 166
person 0.3384 187 143 203 162
person 0.3366 242 126 256 162
person 0.3282 149 113 162 139
