person 0.9167 249 79 303 135
person 0.9061 443 65 522 144
person 0.8185 260 118 372 397
person 0.8150 446 115 504 184
person 0.7933 394 141 488 414
person 0.7875 549 69 604 146
person 0.7813 59 41 106 99
person 0.7248 207 94 251 138
person 0.7069 384 0 425 133
person 0.7063 536 81 572 144
person 0.6977 351 0 395 139
person 0.6791 97 133 181 354
person 0.6769 502 1 564 54
person 0.6555 104 82 152 141
person 0.6444 295 0 341 78
person 0.6153 47 88 116 140
person 0.4522 0 181 61 373
person 0.3630 127 154 202 332
person 0.3531 512 379 593 425
person 0.3503 5 73 95 355
