person 0.9204 217 149 299 335
person 0.9186 476 229 625 424
person 0.8923 339 292 438 425
person 0.8630 375 228 490 412
person 0.8630 508 100 571 200
person 0.8485 246 262 364 422
person 0.8365 138 262 277 422
person 0.8212 263 43 331 241
person 0.7992 50 232 154 425
person 0.7777 96 117 198 284
person 0.7510 0 265 65 417
person 0.7349 81 116 126 229
person 0.7206 0 139 57 288
person 0.7055 581 87 639 329
person 0.6944 355 124 416 217
person 0.6582 213 72 266 178
person 0.6550 412 163 471 283
person 0.6337 314 155 388 257
person 0.6214 411 52 458 199
person 0.5966 479 42 521 144
person 0.5869 448 59 488 155
person 0.5796 453 145 517 332
person 0.5471 102 55 617 373
person 0.5002 169 71 221 253
person 0.4957 84 62 117 113
person 0.4893 523 37 575 143
person 0.4787 574 38 624 146
person 0.4783 8 55 86 220
person 0.4673 562 25 594 79
person 0.4422 346 72 391 145
person 0.4383 535 188 607 327
person 0.4366 609 16 637 61
person 0.4220 57 52 86 98
person 0.4060 79 83 121 144
person 0.4037 295 285 400 421
person 0.3971 391 55 423 123
person 0.3904 360 65 412 186
person 0.3776 466 188 541 368
person 0.3705 153 73 209 185
person 0.3699 373 48 401 102
person 0.3620 329 24 363 125
person 0.3561 236 62 268 117
person 0.3553 346 42 378 106
person 0.3479 615 49 639 100
person 0.3474 277 123 433 295
person 0.3448 298 16 329 85
person 0.3347 518 44 555 109
person 0.3330 314 174 396 323
person 0.3322 150 56 205 122
person 0.3303 382 54 419 170
person 0.3245 196 59 228 122
person 0.3092 362 183 406 234
person 0.3045 155 4 635 219
