person 0.8483 205 266 250 324
person 0.7946 0 295 56 442
person 0.7753 400 285 479 445
person 0.7547 37 266 90 393
person 0.7509 345 276 387 337
person 0.7471 92 275 151 378
person 0.7229 148 297 193 352
person 0.6851 400 245 435 292
person 0.6153 294 285 331 331
person 0.5999 444 284 478 336
person 0.5841 352 279 411 373
person 0.5047 47 283 120 407
person 0.4413 232 267 276 325
person 0.4386 120 274 201 368
person 0.4330 388 271 460 377
person 0.3981 111 279 154 343
person 0.3545 389 250 422 293
person 0.3412 373 262 393 291
person 0.3310 360 266 392 321
person 0.3154 310 273 395 363
person 0.3127 171 302 202 343
person 0.3108 347 240 431 336
