person 0.8205 366 329 388 395
person 0.7366 331 323 358 393
person 0.5413 78 262 86 273
person 0.4969 170 252 177 261
person 0.4591 77 239 84 254
person 0.4040 86 237 96 254
person 0.3978 67 240 74 252
person 0.3942 333 325 356 354
person 0.3858 481 249 487 258
person 0.3393 40 228 525 285
person 0.3330 473 247 479 256
person 0.3256 23 261 29 269
person 0.3242 26 261 32 269
person 0.3205 36 240 44 250
person 0.3193 17 236 28 251
person 0.3139 30 239 37 249
person 0.3030 6 239 17 251
person 0.3020 576 207 582 213
