person 0.9113 167 466 243 639
person 0.8806 64 457 88 531
person 0.8665 86 464 108 533
person 0.7825 43 459 66 528
person 0.7352 109 458 132 529
person 0.7298 34 458 56 527
person 0.7253 212 454 261 615
person 0.7158 26 456 47 529
person 0.6796 144 481 180 621
person 0.6278 0 456 17 528
person 0.5997 18 458 37 526
person 0.5373 40 454 54 476
person 0.5198 60 456 70 476
person 0.4653 57 455 73 529
person 0.4465 49 456 62 474
person 0.3548 80 457 90 475
person 0.3394 40 451 55 497
person 0.3209 29 455 45 497
person 0.3144 19 457 35 496
person 0.3071 31 457 43 474
person 0.3026 3 447 101 558
person 0.3011 86 455 166 621
