person 0.8506 303 5 339 50
person 0.8497 94 15 114 49
person 0.7921 174 29 191 50
person 0.7523 426 2 478 96
person 0.7459 347 10 383 64
person 0.6919 53 14 69 55
person 0.5669 204 12 213 30
person 0.5557 73 13 90 54
person 0.5398 153 16 161 35
person 0.4262 486 9 499 63
person 0.4045 420 19 443 80
person 0.3932 117 13 125 25
person 0.3861 9 31 37 96
person 0.3815 213 11 220 27
person 0.3745 200 12 207 30
person 0.3247 111 14 118 25
person 0.3098 220 12 228 28
person 0.3076 416 28 425 40
person 0.3030 463 3 485 75
