person 0.9304 431 115 541 319
person 0.8405 551 146 636 459
person 0.8306 189 142 306 439
person 0.8248 108 105 217 397
person 0.7985 32 165 101 267
person 0.6158 597 125 617 159
person 0.5926 285 118 306 146
person 0.4970 600 124 631 163
person 0.4820 351 122 370 144
person 0.4459 332 113 349 139
person 0.4275 0 103 11 125
person 0.4233 57 103 79 125
person 0.4188 233 120 246 134
person 0.4134 276 70 310 138
person 0.4023 616 120 633 153
person 0.3990 81 105 97 125
person 0.3852 354 119 369 136
person 0.3631 94 139 189 310
person 0.3377 364 119 377 135
person 0.3353 620 108 630 125
person 0.3348 293 71 319 136
person 0.3345 269 117 286 149
person 0.3308 97 104 114 124
person 0.3183 91 106 108 124
person 0.3173 543 120 627 256
