person 0.7870 87 137 137 268
person 0.7614 356 139 449 339
person 0.5604 12 146 33 187
person 0.5390 29 152 50 194
person 0.4012 39 146 62 188
person 0.3981 51 145 75 187
person 0.3839 19 138 79 211
person 0.3607 46 141 62 161
person 0.3605 4 150 16 180
person 0.3548 445 166 473 219
person 0.3471 70 144 91 182
person 0.3404 30 149 48 169
person 0.3316 60 152 77 179
person 0.3231 451 168 466 193
person 0.3174 45 146 65 172
person 0.3139 91 142 108 162
person 0.3084 75 139 95 162
person 0.3079 69 145 82 160
person 0.3041 85 160 114 256
