person 0.8572 283 243 342 318
person 0.8153 0 27 639 346
person 0.8152 156 226 211 308
person 0.7718 109 220 160 312
person 0.7600 334 240 390 324
person 0.7203 206 227 260 300
person 0.6946 408 255 470 336
person 0.6905 581 229 639 326
person 0.6882 18 237 79 324
person 0.6599 453 245 517 335
person 0.6470 60 223 108 320
person 0.6088 505 236 561 331
person 0.5854 552 234 619 333
person 0.5594 388 241 431 321
person 0.5588 252 228 300 298
person 0.5574 586 165 634 246
person 0.5399 52 177 90 228
person 0.5251 8 179 55 239
person 0.5114 436 253 488 336
person 0.5011 1 237 44 328
person 0.4961 263 82 291 127
person 0.4744 453 198 494 251
person 0.4734 251 164 299 241
person 0.4701 549 224 599 301
person 0.4691 295 168 336 250
person 0.4657 211 176 256 239
person 0.4512 545 167 591 232
person 0.4461 362 271 407 328
person 0.4347 142 217 190 320
person 0.4328 175 131 215 202
person 0.4320 140 197 173 257
person 0.4215 486 216 522 269
person 0.4148 88 179 129 260
person 0.4078 363 128 402 205
person 0.4021 137 137 175 197
person 0.4010 285 132 324 195
person 0.3996 479 235 533 327
person 0.3905 586 211 626 277
person 0.3889 234 81 263 126
person 0.3756 486 48 521 120
person 0.3748 499 172 543 233
person 0.3747 537 80 568 127
person 0.3720 376 254 416 337
person 0.3677 398 136 438 198
person 0.3585 610 137 638 198
person 0.3569 344 134 386 203
person 0.3560 176 192 213 254
person 0.3544 502 92 537 135
person 0.3537 400 186 448 260
person 0.3535 93 82 127 141
person 0.3460 552 134 592 198
person 0.3449 204 135 237 199
person 0.3441 456 132 501 200
person 0.3423 456 51 488 103
person 0.3404 102 140 139 193
person 0.3361 349 84 389 127
person 0.3359 338 180 381 236
person 0.3338 323 284 361 325
person 0.3335 545 232 575 280
person 0.3326 263 226 314 324
person 0.3325 573 134 607 195
person 0.3294 477 171 516 227
person 0.3283 185 221 232 318
person 0.3267 437 178 471 236
person 0.3263 605 95 629 136
person 0.3261 401 81 438 133
person 0.3225 158 192 198 252
person 0.3215 439 135 483 199
person 0.3211 382 77 412 128
person 0.3186 86 61 110 109
person 0.3157 516 49 559 107
person 0.3116 592 62 620 107
person 0.3077 30 143 63 194
person 0.3071 7 213 51 272
person 0.3066 527 229 591 326
person 0.3043 121 99 156 154
person 0.3040 288 85 322 136
