person 0.7991 272 297 331 418
person 0.7649 580 196 595 241
person 0.7558 311 237 344 323
person 0.7231 522 215 545 294
person 0.7019 597 202 613 246
person 0.6503 542 220 567 297
person 0.6420 493 308 536 426
person 0.6384 466 389 505 423
person 0.6354 494 235 525 313
person 0.5554 496 282 538 354
person 0.4830 628 179 639 219
person 0.4665 567 198 589 250
person 0.4473 562 205 581 251
person 0.4164 610 186 624 231
person 0.4139 592 185 603 209
person 0.3893 599 186 612 208
person 0.3795 474 258 546 392
person 0.3346 611 181 621 201
person 0.3207 616 197 629 234
person 0.3160 588 199 627 243
person 0.3086 571 197 610 244
