person 0.8906 455 168 564 468
person 0.8864 269 186 365 462
person 0.8216 0 183 69 467
person 0.8106 553 154 639 472
person 0.7148 332 206 477 473
person 0.5816 0 41 639 358
person 0.5274 257 205 297 256
person 0.4164 136 151 170 201
person 0.3704 580 142 611 176
person 0.3636 429 156 461 199
person 0.3622 219 196 250 260
person 0.3617 177 188 225 265
person 0.3606 53 151 81 184
person 0.3569 165 166 193 218
person 0.3559 78 239 99 281
person 0.3559 87 181 112 232
person 0.3461 552 161 581 199
person 0.3309 164 161 189 192
person 0.3302 88 128 112 159
person 0.3256 431 184 461 241
person 0.3252 126 191 149 222
person 0.3248 75 122 99 160
person 0.3242 83 231 119 274
person 0.3224 544 161 578 224
person 0.3212 443 159 469 194
person 0.3168 576 156 612 226
person 0.3134 443 178 474 246
person 0.3121 200 178 237 244
person 0.3098 104 106 126 134
person 0.3098 197 232 224 273
person 0.3025 51 160 81 217
person 0.3000 463 162 495 225
