person 0.8151 225 150 277 234
person 0.7968 83 132 125 234
person 0.7714 138 175 180 236
person 0.6186 14 31 493 218
person 0.5828 98 30 113 54
person 0.5596 137 130 167 194
person 0.5323 193 55 212 86
person 0.5235 12 138 26 154
person 0.5189 136 9 160 37
person 0.5101 173 83 194 123
person 0.5085 370 104 386 131
person 0.4929 0 134 13 154
person 0.4695 356 103 371 128
person 0.4669 310 142 327 186
person 0.4643 232 136 255 170
person 0.4519 291 142 311 185
person 0.4476 409 118 424 134
person 0.4463 110 44 136 76
person 0.4425 468 136 488 184
person 0.4274 437 103 454 130
person 0.4257 215 68 237 109
person 0.4219 71 59 94 93
person 0.4214 425 142 445 185
person 0.4047 127 44 150 75
person 0.4028 58 60 80 93
person 0.3929 280 81 296 107
person 0.3890 334 143 352 185
person 0.3811 9 43 34 78
person 0.3810 257 136 280 155
person 0.3707 330 104 353 131
person 0.3696 135 40 153 64
person 0.3609 260 139 283 184
person 0.3603 113 38 128 54
person 0.3602 122 8 138 34
person 0.3514 127 7 157 47
person 0.3498 40 45 59 80
person 0.3435 322 142 340 185
person 0.3410 15 34 37 66
person 0.3397 441 140 459 184
person 0.3326 8 21 25 50
person 0.3259 27 143 40 155
person 0.3243 215 61 229 83
person 0.3229 449 140 468 183
person 0.3138 436 141 451 182
person 0.3111 483 128 499 179
person 0.3109 42 37 55 62
person 0.3028 98 41 121 77
person 0.3013 312 139 327 156
