person 0.8022 463 188 486 246
person 0.5826 449 191 462 227
person 0.4981 442 190 455 226
person 0.4713 409 186 434 230
person 0.4486 458 188 470 230
person 0.4281 381 188 400 215
person 0.4173 44 189 60 225
person 0.4083 419 187 435 217
person 0.3803 477 261 519 329
person 0.3542 176 186 192 207
person 0.3432 485 262 506 285
person 0.3298 472 248 626 402
person 0.3283 518 276 542 307
person 0.3263 576 211 600 225
person 0.3232 381 187 420 257
person 0.3209 428 189 443 225
person 0.3078 487 261 512 305
