person 0.7664 29 220 54 293
person 0.6803 443 189 517 400
person 0.6546 516 165 639 424
person 0.6376 119 218 136 268
person 0.6068 54 215 73 274
person 0.5987 236 279 382 424
person 0.5645 80 221 97 270
person 0.5622 417 182 472 374
person 0.5353 577 194 639 399
person 0.5241 319 210 333 246
person 0.5079 61 214 78 259
person 0.5057 19 219 43 295
person 0.5052 13 223 31 287
person 0.4846 137 213 151 257
person 0.4776 91 221 105 269
person 0.4750 99 230 115 276
person 0.4740 300 213 310 237
person 0.4588 42 216 58 257
person 0.4570 18 216 28 238
person 0.4560 147 214 163 259
person 0.4057 154 143 275 259
person 0.4044 51 192 506 378
person 0.4037 121 105 310 297
person 0.4016 291 215 301 236
person 0.3781 8 222 20 247
person 0.3745 110 221 125 266
person 0.3724 5 224 24 285
person 0.3705 452 166 565 419
person 0.3692 71 219 90 272
person 0.3658 580 175 611 204
person 0.3642 42 223 61 284
person 0.3586 127 210 145 262
person 0.3365 8 201 103 301
person 0.3279 16 218 30 253
person 0.3252 354 191 368 222
person 0.3219 280 215 292 235
person 0.3196 0 216 10 237
person 0.3151 573 170 612 227
person 0.3039 31 215 51 258
