person 0.8167 314 74 342 132
person 0.6330 402 84 437 151
person 0.6088 494 94 517 141
person 0.5975 242 75 271 162
person 0.5869 281 70 312 158
person 0.5807 290 72 313 128
person 0.5294 336 70 348 96
person 0.4838 608 83 638 144
person 0.4812 425 82 444 119
person 0.4392 535 83 563 148
person 0.4204 381 87 403 152
person 0.4012 254 76 282 157
person 0.4000 338 75 356 124
person 0.3895 392 85 421 148
person 0.3795 387 87 410 136
person 0.3615 399 85 416 116
person 0.3180 407 83 430 118
person 0.3052 454 100 470 126
