person 0.6004 214 266 227 282
person 0.5142 271 259 282 272
person 0.4582 223 264 238 282
person 0.4464 170 259 194 287
person 0.4131 204 267 218 282
person 0.4126 243 265 256 280
person 0.4120 231 264 245 280
person 0.4063 160 252 197 293
person 0.3945 140 210 153 240
person 0.3652 184 265 200 284
person 0.3599 270 264 282 279
person 0.3572 291 259 301 272
person 0.3513 299 258 310 272
person 0.3482 196 268 209 283
person 0.3470 250 265 264 280
person 0.3243 263 260 274 273
person 0.3216 233 259 244 274
person 0.3200 173 255 191 275
person 0.3126 165 261 183 285
person 0.3020 163 250 185 280
