person 0.7536 124 65 162 104
person 0.7197 69 53 93 104
person 0.6682 277 77 343 174
person 0.6103 472 59 526 109
person 0.5855 97 53 122 100
person 0.5853 602 63 632 104
person 0.5584 47 31 596 170
person 0.5242 433 63 519 185
person 0.5194 206 62 267 159
person 0.5187 394 52 422 101
person 0.5056 410 65 463 155
person 0.5018 164 73 200 137
person 0.4895 227 61 268 121
person 0.4844 336 66 389 154
person 0.4494 177 72 225 140
person 0.4489 155 51 177 99
person 0.4412 199 47 224 84
person 0.4347 257 54 274 83
person 0.4259 195 69 225 119
person 0.4160 251 69 298 152
person 0.4108 288 66 324 118
person 0.4032 362 69 409 156
person 0.3983 460 61 503 107
person 0.3951 340 63 382 113
person 0.3665 559 37 590 78
person 0.3553 276 68 309 117
person 0.3541 226 64 240 88
person 0.3517 516 47 547 106
person 0.3490 371 64 402 110
person 0.3349 302 47 326 82
person 0.3270 162 55 193 95
person 0.3055 291 54 418 159
person 0.3052 188 75 241 171
person 0.3028 430 55 463 96
person 0.3025 479 118 629 218
person 0.3013 181 57 202 92
