person 0.6630 326 274 358 318
person 0.6361 0 33 639 300
person 0.5831 42 182 55 214
person 0.5453 548 136 568 185
person 0.5395 104 204 125 234
person 0.5329 27 181 40 215
person 0.4758 57 182 70 211
person 0.4739 245 182 269 215
person 0.4675 4 182 19 216
person 0.4630 16 181 28 215
person 0.4334 0 184 8 215
person 0.4273 317 266 346 309
person 0.4092 190 241 234 291
person 0.4042 35 181 49 215
person 0.3966 128 219 143 240
person 0.3946 73 183 88 214
person 0.3810 619 158 631 181
person 0.3807 111 306 136 334
person 0.3707 339 270 362 303
person 0.3599 140 282 178 327
person 0.3535 224 185 236 213
person 0.3480 141 279 165 311
person 0.3423 155 282 191 326
person 0.3399 369 238 392 274
person 0.3351 359 235 384 275
person 0.3289 422 257 437 292
person 0.3244 511 40 520 60
person 0.3230 249 181 266 203
person 0.3202 217 241 240 272
person 0.3176 590 144 605 163
person 0.3123 115 213 135 241
person 0.3123 231 184 245 214
person 0.3099 582 99 593 116
person 0.3081 276 142 285 164
person 0.3067 517 23 526 39
person 0.3058 98 288 146 330
person 0.3044 510 24 518 38
person 0.3026 241 183 256 214
person 0.3022 582 145 595 163
person 0.3022 98 175 115 207
person 0.3013 572 99 583 116
person 0.3009 108 201 124 221
