person 0.8413 146 175 233 292
person 0.8341 325 138 475 436
person 0.6867 58 142 189 347
person 0.6698 319 170 412 301
person 0.5862 15 153 161 414
person 0.5771 110 163 169 265
person 0.4577 114 179 189 322
person 0.4505 79 135 149 257
person 0.4365 10 151 70 242
person 0.4120 1 184 102 447
person 0.4085 325 190 351 231
person 0.3841 56 184 139 324
person 0.3802 0 275 58 418
person 0.3763 306 189 376 279
person 0.3639 329 190 348 213
person 0.3538 0 299 92 485
person 0.3468 95 165 230 389
person 0.3444 2 144 78 325
person 0.3437 42 197 118 386
person 0.3366 330 228 398 318
person 0.3338 319 183 363 244
person 0.3049 337 213 419 364
person 0.3017 30 277 142 431
