person 0.8577 484 379 509 430
person 0.8560 547 373 567 431
person 0.8529 532 374 549 431
person 0.8201 246 373 270 435
person 0.7459 509 373 529 431
person 0.6827 379 287 384 294
person 0.5935 303 286 309 291
person 0.5813 409 299 416 307
person 0.5663 447 297 453 305
person 0.5491 473 285 479 292
person 0.5450 263 290 273 297
person 0.4203 591 279 598 287
person 0.3792 229 281 235 288
person 0.3500 191 284 198 292
person 0.3212 474 282 480 289
person 0.3207 270 287 277 293
person 0.3131 24 258 614 316
