person 0.9073 354 103 405 242
person 0.8402 318 114 372 236
person 0.6133 133 110 144 137
person 0.5619 346 59 372 106
person 0.5521 176 111 190 130
person 0.5239 304 110 344 229
person 0.4880 413 47 440 106
person 0.4807 389 51 415 105
person 0.4732 151 110 161 131
person 0.4561 413 44 438 70
person 0.4480 160 112 171 129
person 0.4092 189 116 202 134
person 0.4083 77 109 86 123
person 0.4028 165 114 175 129
person 0.3900 391 50 409 68
person 0.3876 136 109 150 135
person 0.3755 35 104 45 122
person 0.3548 45 103 60 121
person 0.3326 426 46 453 105
person 0.3286 466 44 491 104
person 0.3281 376 49 401 103
person 0.3219 494 48 513 102
person 0.3106 28 104 38 120
person 0.3069 92 109 105 122
