person 0.9459 324 100 438 223
person 0.8998 62 127 130 230
person 0.8336 180 122 238 221
person 0.7685 495 84 595 221
person 0.7118 17 126 42 202
person 0.6555 433 86 452 137
person 0.6305 416 88 434 134
person 0.5798 398 88 418 141
person 0.5765 361 93 377 111
person 0.4968 231 132 253 180
person 0.4130 353 91 369 110
person 0.4003 205 116 222 132
person 0.3950 389 91 405 141
person 0.3882 376 95 390 116
person 0.3723 386 88 399 111
person 0.3621 259 125 275 151
person 0.3525 318 132 334 153
person 0.3172 382 89 400 126
person 0.3168 374 93 399 142
person 0.3008 289 133 302 153
