person 0.8534 94 312 151 383
person 0.7950 47 256 93 315
person 0.7825 333 61 362 111
person 0.7639 243 71 285 137
person 0.7567 0 261 30 320
person 0.7450 369 287 411 362
person 0.7275 145 248 214 295
person 0.7273 280 78 314 133
person 0.7027 44 322 93 382
person 0.6954 8 218 52 262
person 0.6926 143 81 177 134
person 0.6899 307 101 338 149
person 0.6875 198 355 245 420
person 0.6782 139 194 185 248
person 0.6708 7 88 54 160
person 0.6701 18 345 78 422
person 0.6691 211 56 248 114
person 0.6665 302 59 331 112
person 0.6532 94 361 149 419
person 0.6507 330 229 392 289
person 0.6329 87 189 119 235
person 0.6009 182 204 228 258
person 0.5998 278 178 320 247
person 0.5997 3 320 37 375
person 0.5989 89 178 422 464
person 0.5915 373 197 419 248
person 0.5905 174 75 209 135
person 0.5765 308 6 331 37
person 0.5747 201 244 248 304
person 0.5713 49 141 84 190
person 0.5555 119 63 152 114
person 0.5538 181 378 226 422
person 0.5525 235 138 276 191
person 0.5264 0 51 426 286
person 0.5264 343 4 371 38
person 0.5252 386 227 423 289
person 0.4825 119 186 147 235
person 0.4805 388 279 421 340
person 0.4766 403 0 426 32
person 0.4762 290 0 312 31
person 0.4579 5 328 55 406
person 0.4567 321 0 341 31
person 0.4507 373 0 400 30
person 0.4478 253 55 290 112
person 0.4157 201 136 238 188
person 0.4060 87 137 129 187
person 0.4037 129 74 167 131
person 0.3986 264 5 285 37
person 0.3657 315 390 346 423
person 0.3465 186 389 211 423
person 0.3424 168 66 188 107
person 0.3288 164 34 260 156
person 0.3208 196 249 304 399
person 0.3203 273 3 294 38
person 0.3196 131 31 218 158
person 0.3187 358 280 394 349
person 0.3163 125 188 168 241
person 0.3113 402 382 426 417
person 0.3001 201 34 299 156
