person 0.8186 319 255 406 379
person 0.8136 58 267 207 577
person 0.7446 344 260 504 577
person 0.7340 267 234 317 294
person 0.6486 208 250 251 309
person 0.6107 129 253 205 360
person 0.5806 239 241 268 286
person 0.5751 271 245 329 352
person 0.5174 319 230 353 266
person 0.4945 417 248 480 346
person 0.4923 237 243 310 346
person 0.4914 170 265 231 363
person 0.4522 200 245 270 346
person 0.4398 115 255 142 288
person 0.4255 126 271 180 391
person 0.3982 129 254 175 306
person 0.3778 161 236 195 277
person 0.3663 134 251 163 283
person 0.3558 169 236 192 262
person 0.3477 119 256 137 276
person 0.3239 296 242 338 322
person 0.3088 380 254 453 360
