person 0.7743 107 409 158 467
person 0.7717 187 415 247 479
person 0.7688 67 412 115 466
person 0.7184 247 445 298 490
person 0.7113 151 413 188 470
person 0.6089 322 448 374 505
person 0.6009 433 471 462 516
person 0.5793 292 465 325 499
person 0.5582 389 461 430 510
person 0.5379 0 382 36 425
person 0.5309 353 460 400 509
person 0.5296 0 408 66 468
person 0.4974 28 413 75 461
person 0.4874 60 129 171 238
person 0.4510 51 406 78 451
person 0.4475 403 476 443 513
person 0.3769 0 389 40 457
person 0.3507 47 411 89 463
person 0.3368 11 399 46 436
