person 0.7632 299 345 326 423
person 0.7555 179 447 204 499
person 0.7505 277 354 307 426
person 0.6472 31 349 342 496
person 0.6278 194 448 215 499
person 0.6167 343 363 369 434
person 0.5207 34 455 60 499
person 0.4888 130 404 147 441
person 0.4822 50 462 68 498
person 0.4766 10 417 29 476
person 0.4421 55 412 74 459
person 0.4149 289 461 334 497
person 0.3735 73 427 87 461
person 0.3681 65 465 83 497
person 0.3660 233 349 318 437
person 0.3653 267 350 343 435
person 0.3575 36 413 52 447
person 0.3527 206 401 217 428
person 0.3510 146 406 160 439
person 0.3497 0 424 13 465
person 0.3489 21 455 48 498
person 0.3467 90 405 100 424
person 0.3416 266 394 277 423
person 0.3377 11 360 191 495
person 0.3326 95 369 218 479
person 0.3273 111 410 121 431
person 0.3235 176 398 190 432
person 0.3227 98 405 108 424
person 0.3210 81 428 95 460
person 0.3196 333 348 343 365
person 0.3172 9 408 69 496
person 0.3140 303 348 364 438
person 0.3137 21 451 37 482
person 0.3102 137 407 157 452
person 0.3049 192 401 205 427
person 0.3017 104 405 114 424
person 0.3003 198 400 211 428
