person 0.9016 440 84 486 145
person 0.8613 221 179 366 378
person 0.8085 312 90 553 442
person 0.6618 299 81 347 229
person 0.6138 218 99 239 160
person 0.5937 507 132 564 253
person 0.5501 98 104 117 138
person 0.4875 15 102 30 121
person 0.4479 82 104 96 139
person 0.3958 137 103 154 138
person 0.3937 125 103 145 138
person 0.3907 415 86 438 121
person 0.3847 203 115 220 146
person 0.3822 83 103 113 141
person 0.3606 242 102 258 124
person 0.3560 312 82 343 162
person 0.3364 249 90 390 175
person 0.3331 128 102 143 124
person 0.3249 523 248 639 467
person 0.3178 180 115 201 142
person 0.3117 538 134 616 268
person 0.3006 100 104 114 123
