person 0.9424 49 292 191 421
person 0.9092 443 218 538 399
person 0.8828 250 134 306 229
person 0.8721 145 177 244 328
person 0.8525 423 149 499 266
person 0.8360 375 225 436 366
person 0.8157 300 94 355 191
person 0.7726 413 0 478 111
person 0.7415 49 3 135 206
person 0.7323 329 21 394 118
person 0.7282 495 59 609 228
person 0.7276 334 94 389 157
person 0.7174 291 290 410 417
person 0.7095 207 19 256 111
person 0.7043 210 70 284 183
person 0.6551 573 42 639 362
person 0.6487 18 33 61 83
person 0.6438 117 10 202 197
person 0.5980 378 20 419 131
person 0.5880 311 0 359 75
person 0.5860 0 51 26 99
person 0.5809 427 92 486 156
person 0.5646 452 50 490 122
person 0.5355 87 24 556 251
person 0.5318 481 94 526 193
person 0.5231 434 125 486 172
person 0.4955 516 37 595 102
person 0.4579 246 0 295 75
person 0.4375 274 6 587 192
person 0.4010 174 50 320 226
person 0.3988 178 0 210 114
person 0.3769 338 31 437 162
person 0.3598 362 0 399 57
person 0.3475 537 66 629 272
person 0.3389 19 42 475 386
person 0.3378 110 18 389 191
person 0.3332 270 0 306 76
person 0.3109 12 15 94 195
person 0.3057 350 299 416 417
