person 0.9106 260 64 404 281
person 0.8684 45 3 100 58
person 0.8365 23 91 120 228
person 0.8341 50 28 95 64
person 0.8112 97 3 151 59
person 0.7979 156 32 196 64
person 0.7964 296 6 345 59
person 0.7900 252 19 297 62
person 0.7797 100 35 145 67
person 0.7795 201 20 244 63
person 0.7350 297 30 341 64
person 0.7287 11 0 56 40
person 0.6029 624 6 639 57
person 0.5854 152 3 195 62
person 0.4351 0 0 360 213
person 0.4308 235 10 263 60
person 0.3928 0 5 16 60
person 0.3631 20 0 322 69
person 0.3459 0 40 11 62
person 0.3369 150 0 182 43
person 0.3348 269 8 301 54
person 0.3187 254 0 297 36
