person 0.8878 106 108 220 463
person 0.8260 4 132 48 282
person 0.8134 44 129 77 246
person 0.7908 368 229 503 464
person 0.6839 74 139 93 217
person 0.6613 551 164 637 395
person 0.6292 89 124 126 265
person 0.6282 482 195 519 295
person 0.6204 215 155 244 274
person 0.5579 21 128 86 276
person 0.5551 219 113 245 188
person 0.4845 106 127 142 256
person 0.4503 50 126 132 274
person 0.4366 201 117 228 189
person 0.4293 188 113 214 167
person 0.3316 0 141 9 162
person 0.3218 80 124 179 275
person 0.3199 207 126 284 278
person 0.3136 95 125 122 191
person 0.3134 0 131 17 252
person 0.3102 117 119 216 286
person 0.3076 107 118 138 193
person 0.3062 193 116 210 145
