person 0.7103 126 6 158 81
person 0.6676 198 51 234 109
person 0.6256 156 23 192 74
person 0.6213 104 34 143 161
person 0.6020 50 61 84 181
person 0.5884 140 52 178 179
person 0.5779 557 73 590 159
person 0.5650 25 35 56 96
person 0.5610 11 55 51 137
person 0.5597 385 63 420 168
person 0.5481 498 69 532 159
person 0.5467 316 53 346 100
person 0.5430 590 73 627 162
person 0.5397 181 60 203 105
person 0.5397 236 58 271 104
person 0.5225 63 13 582 172
person 0.5192 426 65 458 165
person 0.5163 456 53 475 95
person 0.5084 178 59 217 136
person 0.5031 102 6 618 405
person 0.5011 427 66 446 102
person 0.4965 344 73 379 164
person 0.4928 402 68 436 164
person 0.4914 483 63 520 163
person 0.4899 522 69 551 160
person 0.4891 370 66 389 102
person 0.4846 238 60 260 89
person 0.4837 391 55 424 108
person 0.4816 444 68 475 164
person 0.4807 72 58 105 176
person 0.4789 536 71 563 115
person 0.4756 533 69 567 160
person 0.4561 371 67 403 167
person 0.4441 464 66 495 162
person 0.4405 271 67 308 129
person 0.4348 575 77 610 160
person 0.4305 291 59 320 102
person 0.4297 472 65 495 105
person 0.4280 0 57 19 180
person 0.4067 254 67 292 129
person 0.3994 215 53 240 96
person 0.3956 80 58 116 139
person 0.3841 83 61 110 107
person 0.3789 372 64 388 86
person 0.3745 350 70 373 98
person 0.3733 405 63 430 106
person 0.3711 161 39 197 116
person 0.3546 273 75 301 111
person 0.3537 331 75 353 109
person 0.3524 563 71 591 116
person 0.3523 332 79 370 180
person 0.3438 0 60 14 108
person 0.3411 24 42 61 154
person 0.3393 244 70 274 117
person 0.3391 378 72 404 114
person 0.3378 284 61 307 90
person 0.3329 527 64 554 106
person 0.3316 0 44 9 68
person 0.3262 360 67 382 100
person 0.3257 149 58 179 110
person 0.3224 276 61 297 89
person 0.3206 80 54 101 95
person 0.3199 354 68 371 86
person 0.3198 333 73 367 125
person 0.3194 186 51 239 141
person 0.3188 429 65 444 87
person 0.3181 616 75 639 158
person 0.3180 519 70 541 117
person 0.3175 445 68 465 102
person 0.3078 346 81 376 127
person 0.3031 288 58 302 76
person 0.3010 257 76 276 110
