person 0.8850 294 145 448 426
person 0.8109 118 86 218 389
person 0.8033 1 85 93 323
person 0.7919 81 90 136 314
person 0.7606 1 173 64 426
person 0.7506 504 123 535 195
person 0.7458 312 123 341 162
person 0.7038 375 133 401 197
person 0.6962 274 132 303 185
person 0.5831 531 145 567 194
person 0.5429 163 97 233 352
person 0.5242 351 127 375 174
person 0.5216 573 128 596 188
person 0.5182 462 140 485 192
person 0.5112 484 126 508 193
person 0.4961 610 133 634 176
person 0.4821 427 141 458 188
person 0.4739 236 133 265 184
person 0.4664 21 86 619 205
person 0.4447 256 133 280 184
person 0.4320 409 109 435 152
person 0.4132 235 103 534 419
person 0.3729 386 134 414 189
person 0.3580 198 88 233 197
person 0.3513 231 127 252 181
person 0.3409 344 131 364 173
person 0.3380 396 136 420 181
person 0.3276 410 139 437 181
person 0.3038 465 165 483 191
