person 0.8989 498 237 608 393
person 0.8963 267 242 379 432
person 0.7955 237 117 280 211
person 0.7853 186 184 275 316
person 0.7645 46 111 83 212
person 0.7544 497 163 573 269
person 0.6869 71 109 97 206
person 0.5298 143 133 173 199
person 0.4071 292 140 321 211
person 0.3554 134 138 161 197
person 0.3553 335 116 351 138
person 0.3533 153 135 178 182
person 0.3422 620 169 634 201
person 0.3399 522 167 538 185
person 0.3313 472 133 496 194
person 0.3131 306 139 326 196
person 0.3112 382 122 398 139
person 0.3030 389 122 405 139
