person 0.9233 38 64 96 157
person 0.8198 406 70 464 163
person 0.8135 266 49 321 156
person 0.7927 534 0 582 77
person 0.7521 10 177 77 374
person 0.7215 123 3 159 89
person 0.6753 173 59 251 204
person 0.6476 585 0 625 75
person 0.5757 0 81 18 172
person 0.5668 53 0 87 40
person 0.5457 462 0 495 39
person 0.5320 392 201 488 358
person 0.5076 362 0 400 39
person 0.4756 159 16 195 90
person 0.4232 88 0 125 39
person 0.3948 101 0 131 26
person 0.3698 383 0 430 39
person 0.3623 159 46 189 85
person 0.3441 197 42 226 73
person 0.3402 397 0 438 24
person 0.3355 320 0 375 40
person 0.3345 291 0 329 35
person 0.3283 463 18 487 56
person 0.3276 397 0 441 64
person 0.3240 252 0 286 41
person 0.3208 621 70 639 154
person 0.3133 460 16 493 80
person 0.3082 187 48 218 82
person 0.3060 56 31 128 164
person 0.3042 236 1 274 66
