person 0.7191 279 262 296 274
person 0.7079 283 182 289 186
person 0.6894 143 162 148 169
person 0.6568 198 250 210 261
person 0.6261 145 212 152 223
person 0.6213 150 224 163 235
person 0.6183 233 178 240 184
person 0.5675 111 207 120 213
person 0.5177 248 323 307 340
person 0.5021 123 180 133 187
person 0.4841 614 159 620 174
person 0.4826 114 174 124 180
person 0.4517 407 150 412 157
person 0.4156 119 174 127 180
person 0.3918 59 114 639 178
person 0.3914 551 157 556 170
person 0.3760 571 116 580 134
person 0.3692 170 158 178 164
person 0.3621 126 180 140 188
person 0.3556 604 117 613 135
person 0.3553 158 160 166 165
person 0.3548 556 115 566 138
person 0.3517 595 118 603 132
person 0.3516 255 324 280 338
person 0.3449 294 152 301 159
person 0.3434 549 118 557 138
person 0.3294 581 119 589 131
person 0.3026 170 155 178 162
