person 0.8322 354 63 478 413
person 0.8299 162 112 297 357
person 0.6975 109 125 160 200
person 0.6973 68 117 120 205
person 0.6157 279 139 328 216
person 0.5798 12 150 67 214
person 0.5611 274 131 340 332
person 0.5356 228 109 317 365
person 0.4709 318 132 362 215
person 0.4690 29 165 90 225
person 0.4115 236 129 309 223
person 0.4031 136 125 172 190
person 0.3975 307 107 377 360
person 0.3751 117 122 208 221
person 0.3725 347 139 368 170
person 0.3364 125 130 226 298
person 0.3363 0 125 22 198
person 0.3358 142 124 260 230
person 0.3199 13 144 96 255
person 0.3063 0 119 43 222
person 0.3039 194 127 219 160
