person 0.9601 117 28 317 324
person 0.7389 384 175 403 216
person 0.5864 332 177 342 205
person 0.5240 307 191 329 230
person 0.4925 163 190 173 212
person 0.4731 43 190 54 215
person 0.4564 362 182 375 207
person 0.4417 63 191 87 227
person 0.4087 371 180 383 207
person 0.4052 352 178 364 207
person 0.3420 161 192 168 212
person 0.3368 96 193 105 215
person 0.3310 34 194 45 213
person 0.3295 328 179 338 206
person 0.3181 22 193 30 212
person 0.3175 272 191 279 206
person 0.3105 341 191 353 208
person 0.3065 280 188 290 209
person 0.3058 172 189 181 211
person 0.3017 314 173 330 212
