person 0.9356 342 269 439 475
person 0.6637 257 281 264 299
person 0.5570 320 280 331 309
person 0.5521 266 284 272 297
person 0.4704 57 281 66 298
person 0.4552 432 287 442 306
person 0.4508 279 282 285 297
person 0.4463 115 281 124 299
person 0.4446 14 281 22 296
person 0.4405 192 285 198 298
person 0.4257 367 281 375 300
person 0.4198 227 282 235 297
person 0.3902 423 288 434 306
person 0.3677 269 284 278 296
person 0.3659 475 288 485 307
person 0.3587 20 281 30 298
person 0.3544 440 288 450 306
person 0.3522 28 281 37 298
person 0.3378 109 282 119 298
person 0.3360 102 282 111 296
person 0.3320 345 284 354 307
person 0.3210 351 281 359 299
person 0.3120 6 282 14 296
person 0.3120 492 287 499 309
person 0.3097 219 282 229 297
person 0.3095 437 291 453 316
person 0.3063 418 286 426 297
person 0.3062 250 282 258 299
person 0.3058 417 288 428 304
