person 0.7142 532 151 548 190
person 0.5404 196 138 205 164
person 0.5338 469 154 485 191
person 0.4770 191 138 199 165
person 0.4295 206 120 214 143
person 0.3988 109 175 125 203
person 0.3910 269 129 280 141
person 0.3554 571 161 580 182
person 0.3457 252 116 264 132
person 0.3456 472 155 494 201
person 0.3455 194 130 207 158
person 0.3372 531 169 545 190
person 0.3307 157 165 171 183
person 0.3286 227 119 233 135
person 0.3245 254 88 261 101
person 0.3216 97 176 117 205
person 0.3103 148 163 162 184
person 0.3080 117 181 131 200
person 0.3056 65 208 78 248
person 0.3030 225 124 232 136
person 0.3013 219 160 226 179
person 0.3005 231 139 244 160
