person 0.9125 107 109 291 460
person 0.8569 423 126 471 247
person 0.7691 560 96 574 131
person 0.7454 541 92 553 127
person 0.6752 262 125 292 157
person 0.6576 0 131 60 324
person 0.6083 227 112 245 157
person 0.6024 248 114 268 153
person 0.5953 610 102 639 249
person 0.5630 532 92 544 129
person 0.5321 434 100 455 139
person 0.4944 586 88 595 111
person 0.4638 556 95 567 129
person 0.4597 171 129 209 182
person 0.4348 590 89 599 112
person 0.3921 605 87 613 96
person 0.3791 610 88 621 102
person 0.3449 500 95 513 127
person 0.3218 613 91 624 110
person 0.3164 457 122 500 158
