person 0.9297 247 43 613 639
person 0.8540 1 51 82 231
person 0.8105 228 98 308 221
person 0.7820 103 92 241 223
person 0.6996 180 48 227 126
person 0.6142 61 50 106 190
person 0.6057 241 43 294 95
person 0.5936 296 106 356 218
person 0.5640 210 73 265 141
person 0.5630 107 38 162 93
person 0.5457 491 59 581 180
person 0.5323 319 41 377 121
person 0.4976 209 76 292 189
person 0.4888 2 239 93 631
person 0.4880 296 55 359 147
person 0.4513 68 53 107 119
person 0.4489 340 43 383 94
person 0.4380 99 40 148 122
person 0.3930 484 45 545 129
person 0.3767 87 70 183 192
person 0.3569 226 48 284 114
person 0.3556 509 108 639 453
person 0.3539 445 29 483 55
person 0.3363 476 63 628 277
person 0.3297 191 69 244 164
person 0.3181 303 54 394 203
person 0.3036 234 51 320 142
