person 0.8537 322 262 364 370
person 0.8298 447 256 487 373
person 0.8158 259 272 301 381
person 0.8149 349 257 430 422
person 0.7912 215 300 251 379
person 0.7798 498 258 532 367
person 0.7064 133 272 178 408
person 0.5964 160 273 208 392
person 0.5012 425 266 454 368
person 0.4668 489 258 517 366
person 0.3646 408 271 439 365
person 0.3613 199 322 220 370
person 0.3503 208 265 287 396
person 0.3435 308 266 411 401
person 0.3381 193 312 231 384
person 0.3322 277 264 363 392
person 0.3075 91 255 620 396
