person 0.8967 183 297 235 373
person 0.7276 417 161 476 273
person 0.7041 537 8 635 116
person 0.6543 190 8 236 90
person 0.6302 250 5 367 97
person 0.6300 399 6 453 57
person 0.5984 277 291 374 387
person 0.5955 34 158 108 264
person 0.5863 261 158 309 254
person 0.5412 26 290 79 354
person 0.4862 382 7 426 58
person 0.4768 503 163 556 247
person 0.4574 319 292 400 383
person 0.3532 587 288 625 360
person 0.3385 506 143 581 287
person 0.3384 60 31 585 327
person 0.3178 467 151 550 278
person 0.3145 30 158 73 225
person 0.3076 367 7 405 53
