person 0.9476 30 108 251 618
person 0.8873 241 186 303 239
person 0.8539 0 198 39 244
person 0.8182 3 127 50 203
person 0.7940 74 41 136 157
person 0.7924 300 183 375 235
person 0.7530 302 123 367 208
person 0.7263 375 192 417 231
person 0.7256 239 117 305 203
person 0.7233 134 55 187 126
person 0.7194 253 49 317 161
person 0.7184 55 119 119 208
person 0.7120 9 37 87 165
person 0.7023 187 0 244 82
person 0.6981 127 2 195 82
person 0.6812 10 0 416 216
person 0.6617 312 4 385 83
person 0.6503 117 121 164 174
person 0.6410 302 45 346 123
person 0.6370 75 0 137 82
person 0.6367 374 72 419 164
person 0.5822 372 141 419 217
person 0.5774 234 0 300 83
person 0.5712 331 100 370 168
person 0.5435 18 3 88 87
person 0.5159 222 70 258 144
person 0.4909 351 63 387 146
person 0.4398 1 79 420 328
person 0.3615 392 169 424 228
person 0.3526 394 133 423 189
person 0.3003 0 8 22 72
