person 0.9741 75 22 288 465
person 0.9405 424 1 639 479
person 0.9284 321 71 446 476
person 0.8423 231 69 361 461
person 0.8286 48 131 88 264
person 0.8137 509 127 549 235
person 0.7224 490 117 508 162
person 0.7104 507 122 523 160
person 0.6235 409 87 504 459
person 0.5604 478 121 489 148
person 0.4184 412 93 503 254
person 0.4110 515 121 526 146
person 0.3845 472 122 481 144
person 0.3797 487 118 501 149
person 0.3551 460 126 472 142
person 0.3531 505 120 519 145
person 0.3350 495 118 509 147
person 0.3343 396 105 416 125
