person 0.8675 26 404 67 476
person 0.7276 366 295 381 340
person 0.6394 196 293 206 304
person 0.5380 60 343 81 385
person 0.5259 141 386 177 449
person 0.5187 149 302 160 315
person 0.5099 386 312 397 329
person 0.4910 95 427 140 476
person 0.4807 619 310 632 331
person 0.4759 607 313 627 344
person 0.4246 84 415 126 464
person 0.4159 115 451 154 479
person 0.4058 383 315 396 338
person 0.3962 87 372 110 395
person 0.3934 391 312 403 327
person 0.3728 264 457 289 479
person 0.3665 3 275 22 305
person 0.3467 100 423 131 460
person 0.3376 80 372 121 423
person 0.3358 24 251 462 458
person 0.3346 149 383 178 406
person 0.3308 615 313 633 341
person 0.3200 611 311 624 330
person 0.3115 8 274 21 292
person 0.3050 607 325 624 349
person 0.3042 39 405 85 472
