person 0.9517 221 115 327 380
person 0.9242 14 131 157 359
person 0.9226 449 148 630 421
person 0.9071 111 97 208 243
person 0.8668 94 0 153 111
person 0.8226 483 87 543 176
person 0.7791 427 76 488 173
person 0.7744 0 77 46 226
person 0.7569 16 28 67 122
person 0.7111 365 104 446 265
person 0.7096 155 1 193 56
person 0.6850 326 85 381 262
person 0.6495 347 57 397 125
person 0.6306 257 85 322 166
person 0.6246 585 82 637 170
person 0.6168 507 57 566 217
person 0.6066 473 41 516 112
person 0.6059 243 23 272 90
person 0.6045 159 35 199 117
person 0.5923 166 33 218 145
person 0.5655 272 0 307 77
person 0.5451 546 53 596 160
person 0.5121 214 0 250 73
person 0.5102 296 19 330 87
person 0.4996 199 29 240 152
person 0.4902 513 65 560 153
person 0.4890 369 81 425 204
person 0.4825 403 65 439 120
person 0.4797 553 43 593 104
person 0.4768 393 98 464 328
person 0.4726 530 11 552 52
person 0.4627 296 76 350 210
person 0.4604 406 72 459 212
person 0.4548 44 29 82 124
person 0.4328 614 29 637 69
person 0.4168 24 6 93 135
person 0.4129 379 27 403 67
person 0.4124 60 5 134 130
person 0.4051 384 29 416 77
person 0.4043 444 40 468 76
person 0.3957 303 37 351 104
person 0.3954 578 14 598 45
person 0.3950 243 80 301 149
person 0.3927 541 12 560 48
person 0.3905 546 45 571 89
person 0.3877 162 7 253 128
person 0.3850 290 67 323 117
person 0.3837 591 27 628 80
person 0.3746 560 52 614 218
person 0.3718 204 36 286 161
person 0.3714 213 34 249 111
person 0.3695 585 15 607 44
person 0.3693 199 21 235 90
person 0.3690 459 40 488 94
person 0.3643 536 12 568 61
person 0.3627 359 43 434 162
person 0.3624 125 6 213 125
person 0.3590 157 84 390 423
person 0.3559 427 31 448 64
person 0.3524 588 55 634 127
person 0.3430 324 45 363 105
person 0.3411 554 12 590 59
person 0.3409 323 44 397 162
person 0.3389 0 6 516 194
person 0.3319 437 89 499 252
person 0.3314 501 31 536 81
person 0.3312 247 90 331 239
person 0.3301 314 97 406 326
person 0.3272 209 134 296 302
person 0.3270 528 75 578 177
person 0.3248 299 112 365 260
person 0.3227 233 11 335 119
person 0.3187 560 9 580 36
person 0.3170 397 38 472 171
person 0.3157 237 0 268 70
person 0.3078 311 8 405 126
person 0.3063 605 6 625 35
person 0.3023 539 48 561 86
