person 0.7403 197 438 247 523
person 0.5848 221 589 277 638
person 0.4831 119 525 153 578
person 0.4719 133 513 159 550
person 0.4598 390 357 407 385
person 0.4303 524 282 543 312
person 0.4164 331 399 351 435
person 0.3768 157 510 172 533
person 0.3729 153 510 175 546
person 0.3582 558 260 578 289
person 0.3527 468 283 527 379
person 0.3430 545 269 598 348
person 0.3312 435 304 504 403
person 0.3294 516 269 574 372
person 0.3220 0 519 67 638
person 0.3210 325 398 344 438
person 0.3071 493 289 533 367
