person 0.9327 366 312 428 440
person 0.8045 67 263 75 279
person 0.7799 39 263 45 278
person 0.7692 215 227 221 240
person 0.7271 197 230 203 241
person 0.5661 398 233 404 241
person 0.3897 150 227 157 236
person 0.3815 414 233 419 242
person 0.3533 395 257 402 270
person 0.3483 553 203 559 213
person 0.3431 389 231 394 239
person 0.3391 444 232 450 242
person 0.3376 548 201 555 211
person 0.3344 460 231 466 242
person 0.3302 544 223 553 233
person 0.3260 402 233 407 241
person 0.3224 139 228 145 239
person 0.3182 296 223 301 233
person 0.3126 112 237 117 250
person 0.3117 136 227 142 239
person 0.3038 213 224 224 243
person 0.3034 281 229 287 238
