person 0.8747 314 85 499 322
person 0.8588 297 98 324 158
person 0.7127 155 108 173 155
person 0.7048 8 100 31 162
person 0.6696 29 104 48 169
person 0.6595 185 104 205 158
person 0.6499 45 99 67 163
person 0.6240 372 108 397 148
person 0.5437 470 104 493 155
person 0.5380 324 100 342 154
person 0.5345 342 130 368 159
person 0.5254 110 116 130 147
person 0.5252 174 102 198 158
person 0.5033 328 129 359 160
person 0.3943 367 99 388 135
person 0.3801 406 99 418 149
person 0.3647 107 118 136 164
person 0.3595 5 99 29 134
person 0.3590 232 99 383 160
person 0.3567 340 100 352 133
person 0.3508 142 101 239 168
person 0.3456 14 98 80 163
person 0.3388 62 112 143 162
person 0.3368 162 109 180 154
person 0.3271 35 108 111 162
person 0.3238 330 102 351 152
person 0.3131 366 98 380 121
person 0.3121 186 103 203 132
person 0.3058 322 119 349 159
