person 0.7923 548 282 578 337
person 0.7167 226 298 267 346
person 0.6974 413 286 436 342
person 0.6396 434 273 444 292
person 0.5946 483 273 490 289
person 0.5434 539 279 547 293
person 0.5420 518 271 525 285
person 0.5181 525 275 533 290
person 0.5169 385 277 395 294
person 0.5157 158 280 169 301
person 0.5121 140 284 149 301
person 0.4993 348 277 360 293
person 0.4867 394 277 404 293
person 0.4665 167 277 176 296
person 0.4602 405 276 414 293
person 0.4561 318 272 328 293
person 0.4548 472 273 480 288
person 0.4532 485 273 494 289
person 0.4320 376 277 386 294
person 0.4127 562 279 570 289
person 0.4110 336 278 349 294
person 0.4042 553 277 562 290
person 0.4017 270 278 282 294
person 0.3969 280 278 291 295
person 0.3900 365 278 376 293
person 0.3779 438 272 447 291
person 0.3779 290 278 300 294
person 0.3765 354 277 366 293
person 0.3653 0 230 639 347
person 0.3559 37 271 48 295
person 0.3523 222 323 276 354
person 0.3462 127 260 141 288
person 0.3403 312 274 321 291
person 0.3392 329 277 339 293
person 0.3333 84 256 406 318
person 0.3300 412 276 420 290
person 0.3293 110 278 121 294
person 0.3257 543 278 553 293
person 0.3234 134 285 144 301
person 0.3202 104 284 113 296
person 0.3068 298 277 311 293
person 0.3053 390 272 466 361
person 0.3044 194 276 204 295
person 0.3011 591 267 600 280
