person 0.6677 506 222 536 323
person 0.6329 428 225 459 323
person 0.6143 190 228 217 280
person 0.5659 456 229 477 292
person 0.5618 479 225 504 313
person 0.4874 465 227 490 304
person 0.4393 524 223 545 299
person 0.4050 495 228 509 263
person 0.4001 148 229 159 255
person 0.3929 70 231 84 270
person 0.3862 138 226 149 256
person 0.3707 483 223 501 264
person 0.3634 553 228 570 280
person 0.3584 617 225 639 309
person 0.3535 578 224 605 280
person 0.3500 556 223 585 281
person 0.3450 64 220 81 271
person 0.3384 166 228 183 259
person 0.3308 559 228 574 258
person 0.3297 541 232 559 275
person 0.3237 101 224 114 248
person 0.3231 475 235 495 306
person 0.3209 510 228 530 274
person 0.3199 34 167 617 388
person 0.3086 214 223 227 248
person 0.3068 563 226 576 249
person 0.3045 432 223 511 327
person 0.3030 54 223 66 264
