person 0.8709 69 217 217 395
person 0.7748 249 213 296 278
person 0.6840 197 145 228 197
person 0.6661 196 103 216 151
person 0.5953 219 189 254 234
person 0.5890 251 189 275 230
person 0.5845 211 208 259 275
person 0.5463 174 100 195 154
person 0.5403 38 89 285 240
person 0.5338 285 237 320 281
person 0.5311 78 104 97 150
person 0.5069 26 217 48 271
person 0.4919 46 151 75 185
person 0.4850 83 137 118 174
person 0.4716 227 154 257 192
person 0.4461 162 161 195 199
person 0.4280 0 145 27 188
person 0.4217 85 104 104 147
person 0.4206 30 163 54 205
person 0.4200 84 232 111 269
person 0.4192 66 106 82 147
person 0.4166 229 196 275 267
person 0.4141 44 235 69 268
person 0.4134 26 94 52 157
person 0.4101 31 153 54 186
person 0.4090 232 186 253 217
person 0.3966 0 141 18 174
person 0.3835 19 92 40 153
person 0.3497 4 163 30 194
person 0.3479 0 142 8 171
person 0.3357 35 148 55 170
person 0.3327 72 237 103 267
person 0.3259 58 245 74 266
person 0.3142 240 195 262 227
person 0.3110 73 139 104 173
person 0.3082 206 107 224 148
person 0.3071 207 214 237 271
person 0.3022 75 244 92 266
person 0.3018 50 148 70 171
