person 0.8118 579 204 619 331
person 0.8075 434 195 464 263
person 0.7824 311 202 339 255
person 0.7716 4 12 171 453
person 0.7683 241 204 271 303
person 0.7519 198 214 230 308
person 0.7450 388 198 420 257
person 0.7094 377 199 398 255
person 0.7039 550 192 586 331
person 0.6516 417 214 436 256
person 0.6440 485 227 510 275
person 0.6411 260 205 289 303
person 0.5581 407 206 431 255
person 0.5388 189 217 218 292
person 0.3811 381 189 481 290
person 0.3774 272 210 304 292
person 0.3723 202 187 282 306
person 0.3700 302 191 412 289
person 0.3586 230 192 328 297
person 0.3575 271 192 365 291
person 0.3445 503 212 588 330
person 0.3315 542 181 616 315
