person 0.8414 40 188 80 300
person 0.8005 132 189 178 315
person 0.6619 164 192 202 304
person 0.5910 299 185 328 272
person 0.5602 95 213 114 256
person 0.5399 331 185 361 253
person 0.5296 126 205 142 253
person 0.5239 0 165 639 340
person 0.5140 80 205 97 254
person 0.3961 349 204 370 251
person 0.3662 124 203 270 303
person 0.3628 582 174 597 185
person 0.3623 310 190 341 260
person 0.3512 74 207 88 251
person 0.3268 507 183 639 329
person 0.3248 329 216 357 257
person 0.3213 612 172 623 184
person 0.3194 237 200 407 290
person 0.3049 176 114 329 284
