person 0.7673 292 331 306 367
person 0.5775 131 303 136 311
person 0.5680 515 324 526 339
person 0.4752 234 305 238 313
person 0.4672 312 334 324 365
person 0.4568 409 335 430 373
person 0.4415 231 305 236 313
person 0.3828 329 311 334 320
person 0.3602 5 344 24 374
person 0.3566 379 311 384 320
person 0.3553 584 313 592 325
person 0.3483 591 312 599 324
person 0.3404 153 306 159 313
person 0.3373 546 312 553 325
person 0.3224 302 309 307 318
person 0.3219 431 311 437 321
person 0.3209 417 310 422 320
person 0.3172 575 314 583 326
person 0.3147 178 308 184 314
person 0.3100 15 350 25 377
person 0.3053 610 313 621 327
person 0.3017 565 310 572 323
