person 0.8679 162 128 207 241
person 0.7227 272 189 312 260
person 0.6295 556 195 596 272
person 0.6161 311 182 353 242
person 0.5760 419 191 464 270
person 0.5405 346 197 398 264
person 0.5104 440 193 489 270
person 0.4912 9 32 35 78
person 0.4881 480 197 522 263
person 0.4805 594 214 639 270
person 0.4672 518 190 552 240
person 0.4629 508 192 559 271
person 0.4304 556 51 566 74
person 0.4220 337 64 344 79
person 0.3802 388 200 428 261
person 0.3777 317 187 368 265
person 0.3773 488 209 543 277
person 0.3610 457 194 558 281
person 0.3589 399 195 447 267
person 0.3574 449 187 486 239
person 0.3500 113 55 121 70
person 0.3455 329 166 458 257
person 0.3400 29 74 613 256
person 0.3397 612 196 639 235
person 0.3381 64 44 75 66
person 0.3370 55 45 67 66
person 0.3290 46 43 58 70
person 0.3250 488 199 523 235
person 0.3250 329 47 337 66
person 0.3230 497 54 505 70
person 0.3130 169 57 178 73
person 0.3097 243 166 397 249
person 0.3096 611 226 639 277
person 0.3086 624 197 639 218
person 0.3073 178 56 188 71
