person 0.8260 106 104 141 189
person 0.8142 406 198 589 377
person 0.6640 478 122 513 173
person 0.5120 440 116 479 162
person 0.5033 200 125 227 169
person 0.4782 430 112 461 157
person 0.4778 401 101 417 143
person 0.4393 186 126 213 170
person 0.4178 218 123 237 165
person 0.3926 372 107 387 138
person 0.3814 317 105 332 144
person 0.3780 461 118 497 165
person 0.3686 168 127 197 170
person 0.3539 257 121 279 160
person 0.3465 313 101 345 147
person 0.3417 407 106 437 146
person 0.3325 0 64 636 209
person 0.3284 269 110 283 156
person 0.3236 197 121 211 144
person 0.3182 335 104 352 145
person 0.3176 345 103 362 144
