person 0.6386 81 150 96 170
person 0.5505 188 144 202 163
person 0.4825 394 136 407 150
person 0.4758 401 134 414 149
person 0.4495 372 137 385 150
person 0.4487 366 135 378 149
person 0.3891 112 152 124 169
person 0.3613 402 174 417 193
person 0.3513 157 196 174 217
person 0.3502 619 112 636 150
person 0.3494 143 193 161 217
person 0.3458 125 195 145 220
person 0.3435 164 196 182 216
person 0.3406 573 119 587 140
person 0.3394 221 188 240 208
person 0.3389 333 176 355 199
person 0.3381 339 128 351 141
person 0.3312 191 190 211 213
person 0.3277 336 135 349 146
person 0.3231 628 121 638 143
person 0.3179 395 128 405 140
person 0.3164 385 135 396 150
person 0.3087 411 136 419 147
person 0.3078 116 196 137 222
person 0.3067 77 151 88 171
person 0.3043 257 184 280 208
person 0.3005 513 125 529 143
person 0.3004 204 190 219 211
