person 0.9481 48 105 264 435
person 0.8903 277 112 356 249
person 0.8634 99 34 148 121
person 0.8634 5 82 76 229
person 0.8177 215 1 269 68
person 0.7957 215 115 276 244
person 0.7954 267 52 320 137
person 0.7823 318 39 374 142
person 0.7631 84 0 129 69
person 0.7602 264 10 302 85
person 0.7448 163 1 215 76
person 0.7389 7 38 50 115
person 0.7082 224 45 274 119
person 0.6651 135 42 190 113
person 0.6552 302 13 343 81
person 0.6432 48 28 103 109
person 0.6276 30 0 74 51
person 0.6102 130 0 168 76
person 0.5844 182 49 227 143
person 0.5755 0 0 36 73
person 0.5301 18 10 356 196
person 0.4633 252 0 294 36
person 0.4607 169 119 214 185
person 0.4462 290 0 336 42
person 0.4289 0 65 13 114
person 0.4281 343 6 374 74
person 0.4034 280 5 333 76
person 0.3960 101 30 227 171
person 0.3868 203 39 287 222
person 0.3760 0 0 28 38
person 0.3703 71 34 132 119
person 0.3650 39 4 93 79
person 0.3650 95 1 151 76
person 0.3489 12 1 67 74
person 0.3470 163 36 217 115
person 0.3375 53 10 271 135
person 0.3285 139 111 172 157
person 0.3102 169 0 216 39
