person 0.6064 493 340 516 392
person 0.5789 557 341 575 389
person 0.5712 593 344 607 387
person 0.5663 577 340 595 381
person 0.5261 179 333 191 368
person 0.5191 167 336 177 362
person 0.5001 293 336 304 375
person 0.4190 534 346 544 368
person 0.4112 95 331 542 386
person 0.4086 200 340 207 360
person 0.4046 57 338 67 363
person 0.4008 628 343 639 390
person 0.3828 563 339 576 360
person 0.3761 158 334 166 351
person 0.3673 297 334 311 378
person 0.3573 184 340 193 372
person 0.3474 583 342 603 387
person 0.3395 598 344 610 376
person 0.3354 571 342 586 378
person 0.3323 162 336 170 357
person 0.3198 208 338 216 357
person 0.3015 45 338 55 360
