person 0.7174 208 195 238 279
person 0.6284 71 219 107 283
person 0.6141 19 317 45 375
person 0.6076 521 386 556 440
person 0.5778 568 79 590 107
person 0.5462 202 91 217 110
person 0.5301 119 313 148 373
person 0.5295 601 413 636 466
person 0.5236 0 0 639 128
person 0.5229 575 429 603 470
person 0.5156 451 154 480 204
person 0.5100 230 84 248 108
person 0.4920 298 84 314 107
person 0.4909 463 90 481 111
person 0.4872 146 59 164 91
person 0.4861 522 93 540 112
person 0.4842 258 89 275 111
person 0.4757 532 437 570 476
person 0.4749 485 61 503 90
person 0.4739 478 444 508 477
person 0.4669 43 90 62 113
person 0.4597 168 90 183 111
person 0.4553 416 78 436 105
person 0.4511 547 34 570 74
person 0.4427 500 436 534 475
person 0.4396 315 86 331 106
person 0.4363 98 61 116 91
person 0.4301 445 399 488 443
person 0.4293 513 49 530 80
person 0.4280 556 415 581 449
person 0.4206 505 92 520 111
person 0.4205 439 49 456 80
person 0.4199 205 443 240 478
person 0.4160 186 90 200 110
person 0.4111 430 89 448 112
person 0.4052 62 80 76 103
person 0.4019 313 59 333 90
person 0.4008 386 76 409 107
person 0.3986 616 81 634 107
person 0.3964 80 49 99 82
person 0.3913 71 31 88 63
person 0.3883 258 62 276 90
person 0.3844 591 80 617 108
person 0.3800 50 94 67 111
person 0.3769 126 62 146 90
person 0.3755 210 48 230 78
person 0.3690 0 0 639 321
person 0.3670 405 434 438 473
person 0.3666 193 47 211 79
person 0.3614 326 86 343 106
person 0.3584 174 32 191 61
person 0.3568 607 437 639 479
person 0.3545 522 35 539 61
person 0.3484 79 82 96 104
person 0.3483 581 36 611 73
person 0.3428 241 69 259 97
person 0.3424 177 321 207 372
person 0.3413 596 38 615 69
person 0.3405 296 61 313 88
person 0.3361 449 92 461 110
person 0.3352 90 33 106 61
person 0.3302 381 46 400 83
person 0.3302 381 34 398 61
person 0.3295 194 94 210 110
person 0.3260 238 19 257 51
person 0.3252 496 35 511 58
person 0.3248 174 446 208 477
person 0.3248 492 432 518 469
person 0.3219 136 43 152 69
person 0.3191 0 3 13 53
person 0.3184 579 34 598 62
person 0.3169 71 95 87 110
person 0.3142 279 44 295 72
person 0.3112 558 435 580 466
person 0.3107 174 43 193 71
person 0.3086 231 42 250 72
person 0.3066 583 425 608 460
person 0.3066 43 84 59 104
person 0.3059 502 51 521 79
person 0.3054 587 461 607 479
person 0.3044 456 45 473 70
person 0.3035 331 33 355 78
person 0.3031 486 47 501 68
person 0.3025 410 30 425 59
person 0.3012 246 447 271 475
person 0.3007 455 34 472 60
person 0.3002 399 83 419 107
