person 0.8732 78 86 128 259
person 0.7725 167 115 290 339
person 0.7165 440 106 487 174
person 0.7043 354 124 390 174
person 0.7010 0 78 27 270
person 0.6796 394 114 439 179
person 0.6604 482 121 528 173
person 0.6594 529 109 571 169
person 0.6014 310 127 353 175
person 0.6002 17 55 67 152
person 0.5920 21 0 622 182
person 0.5566 372 109 403 170
person 0.5326 209 61 256 129
person 0.5325 609 125 639 224
person 0.5183 327 109 357 165
person 0.4779 127 85 169 151
person 0.4677 474 55 513 114
person 0.4648 573 114 607 167
person 0.4628 301 62 343 130
person 0.4413 267 55 301 113
person 0.4086 198 16 235 71
person 0.4071 22 52 61 95
person 0.3986 167 25 200 71
person 0.3919 517 70 549 126
person 0.3890 553 63 592 132
person 0.3843 172 69 209 125
person 0.3802 350 19 386 94
person 0.3740 496 35 526 93
person 0.3609 0 67 26 138
person 0.3387 600 64 632 131
person 0.3296 447 89 485 148
person 0.3229 377 109 402 142
person 0.3193 420 85 450 144
person 0.3168 494 95 529 146
person 0.3144 137 82 168 125
person 0.3098 244 27 273 89
person 0.3018 274 19 307 69
