person 0.9614 376 74 635 470
person 0.9152 290 103 482 479
person 0.8987 8 54 238 479
person 0.8055 145 102 272 469
person 0.7279 123 142 164 194
person 0.7272 243 111 345 469
person 0.6122 217 136 272 252
person 0.5891 279 153 301 171
person 0.5717 609 140 639 197
person 0.5679 419 170 456 209
person 0.5263 576 145 615 191
person 0.5132 395 154 419 186
person 0.4774 405 165 426 193
person 0.4309 261 153 274 178
person 0.3565 268 118 343 270
person 0.3466 428 156 493 250
person 0.3329 426 167 452 187
person 0.3172 577 139 639 205
person 0.3140 395 155 411 177
