person 0.8230 267 142 307 233
person 0.8186 296 155 341 237
person 0.7122 12 0 37 55
person 0.7081 175 147 211 238
person 0.7041 238 130 278 242
person 0.7011 255 6 293 65
person 0.6565 92 134 129 222
person 0.6536 206 144 244 240
person 0.6280 475 41 497 95
person 0.5917 96 0 124 33
person 0.4419 17 0 484 229
person 0.4366 225 132 262 239
person 0.3906 396 0 416 32
person 0.3644 428 10 442 31
person 0.3523 253 142 288 234
person 0.3252 382 0 401 30
person 0.3249 175 6 199 36
person 0.3249 182 0 208 35
person 0.3064 101 119 155 222
person 0.3061 235 127 257 168
person 0.3029 153 0 174 26
person 0.3014 283 152 315 229
