person 0.8977 39 36 305 424
person 0.8623 296 48 581 418
person 0.6835 295 118 339 253
person 0.6525 234 126 272 200
person 0.6127 14 109 78 257
person 0.6106 471 112 522 179
person 0.5220 192 117 228 256
person 0.4586 350 133 379 189
person 0.4479 62 126 101 197
person 0.4432 577 110 637 214
person 0.4201 584 146 639 376
person 0.4167 573 131 613 237
person 0.3673 210 119 271 243
person 0.3592 273 148 302 218
person 0.3303 504 121 575 232
person 0.3259 19 110 42 139
person 0.3221 0 154 22 253
person 0.3194 484 115 550 222
person 0.3180 11 112 40 181
person 0.3110 550 164 575 195
person 0.3086 251 118 320 238
person 0.3063 541 154 579 207
person 0.3052 234 126 258 177
person 0.3036 490 130 539 187
person 0.3015 339 132 367 195
