person 0.5564 226 69 233 82
person 0.5089 574 14 582 24
person 0.5014 594 133 601 147
person 0.4907 564 14 572 24
person 0.4234 3 109 25 134
person 0.4128 544 102 554 120
person 0.4000 519 107 526 119
person 0.3789 49 7 591 173
person 0.3777 54 131 67 149
person 0.3757 459 105 468 118
person 0.3671 23 117 43 144
person 0.3252 393 94 402 109
person 0.3147 40 126 62 154
person 0.3147 572 58 583 72
person 0.3133 121 41 130 51
person 0.3091 95 39 103 51
person 0.3067 0 102 10 122
person 0.3018 291 61 300 73
