person 0.5485 563 118 573 135
person 0.5197 628 123 639 167
person 0.5150 525 123 536 142
person 0.5039 554 118 564 135
person 0.4999 535 124 546 141
person 0.4984 545 118 554 136
person 0.4934 573 119 583 135
person 0.4934 616 122 631 168
person 0.4854 515 123 528 144
person 0.4687 544 124 555 141
person 0.4678 590 123 602 144
person 0.4661 583 119 593 136
person 0.4611 592 119 601 136
person 0.4596 619 124 630 146
person 0.4589 553 123 564 142
person 0.4362 596 125 623 178
person 0.4322 601 125 611 142
person 0.4301 489 112 498 123
person 0.4276 562 123 587 176
person 0.4234 608 124 626 167
person 0.4223 610 125 622 142
person 0.4137 602 121 610 135
person 0.4116 570 123 584 143
person 0.4107 582 121 594 146
person 0.3962 581 121 606 177
person 0.3932 504 123 518 144
person 0.3784 562 122 575 144
person 0.3777 480 111 488 123
person 0.3609 611 122 620 134
person 0.3564 629 126 639 145
person 0.3230 498 113 507 123
person 0.3228 496 125 511 143
person 0.3040 620 120 629 135
person 0.3016 586 120 606 150
