person 0.8996 207 76 371 563
person 0.8706 313 97 426 546
person 0.8210 1 80 189 624
person 0.6203 118 129 250 513
person 0.6020 44 90 212 395
person 0.5022 175 107 228 243
person 0.4700 158 73 219 128
person 0.4501 102 92 246 333
person 0.4217 222 100 252 152
person 0.4137 0 41 33 162
person 0.4011 139 71 208 193
person 0.3872 284 88 345 195
person 0.3665 24 380 170 625
person 0.3391 91 190 163 313
person 0.3326 255 81 327 188
person 0.3132 172 74 246 190
person 0.3039 241 439 283 520
person 0.3026 2 73 129 410
person 0.3003 74 121 145 313
