person 0.8818 387 204 430 308
person 0.8675 215 253 285 369
person 0.8641 337 194 365 271
person 0.8612 290 185 340 335
person 0.8330 230 188 286 272
person 0.8026 74 229 119 278
person 0.7827 430 297 482 382
person 0.7270 472 283 537 358
person 0.7077 514 296 597 417
person 0.6915 372 307 464 417
person 0.6196 361 289 404 354
person 0.6115 174 194 211 261
person 0.5407 576 209 604 259
person 0.5159 163 202 179 249
person 0.4958 365 290 396 329
person 0.4941 59 195 84 257
person 0.4711 87 200 106 231
person 0.4294 387 186 399 227
person 0.3998 600 208 631 261
person 0.3743 579 209 599 240
person 0.3697 66 192 93 242
person 0.3598 436 198 453 238
person 0.3585 106 198 124 229
person 0.3478 161 197 195 257
person 0.3394 52 193 72 257
person 0.3392 30 202 49 248
person 0.3368 147 204 181 253
person 0.3332 52 185 581 444
person 0.3310 244 181 613 367
person 0.3279 560 212 596 258
person 0.3247 362 196 376 234
person 0.3088 200 190 227 262
person 0.3007 388 192 415 234
person 0.3004 449 198 466 236
person 0.3003 403 187 416 205
