person 0.9068 148 62 340 386
person 0.6742 149 4 202 87
person 0.6230 363 3 417 113
person 0.6118 301 6 353 111
person 0.6066 513 2 597 143
person 0.5976 31 1 89 99
person 0.5574 288 3 329 111
person 0.5483 79 0 117 67
person 0.5368 558 0 625 143
person 0.5115 439 7 508 124
person 0.4700 3 0 54 97
person 0.4660 613 6 638 141
person 0.4593 275 2 311 103
person 0.4414 469 23 524 122
person 0.4236 324 4 368 112
person 0.4190 196 2 262 93
person 0.3956 594 3 633 142
person 0.3916 250 0 300 100
person 0.3736 0 0 26 49
person 0.3587 394 10 475 120
person 0.3371 337 3 394 112
person 0.3124 104 1 146 71
