person 0.9039 5 193 43 288
person 0.8728 336 263 393 380
person 0.8652 154 170 207 303
person 0.8458 511 209 556 314
person 0.8374 446 283 507 367
person 0.8195 118 278 212 390
person 0.8185 207 180 274 329
person 0.8012 33 287 132 393
person 0.7761 305 185 358 312
person 0.7749 433 184 497 319
person 0.7356 256 169 319 316
person 0.7259 352 194 392 272
person 0.6298 542 193 574 273
person 0.5362 319 247 374 371
person 0.4608 151 164 160 185
person 0.3854 319 192 394 330
person 0.3822 138 166 149 186
person 0.3694 72 158 86 177
person 0.3604 29 144 613 321
person 0.3541 49 157 59 177
person 0.3536 350 256 423 370
person 0.3499 530 205 572 308
person 0.3305 571 175 583 194
person 0.3245 361 193 434 324
person 0.3154 402 177 413 196
person 0.3132 227 170 410 346
person 0.3128 109 160 121 176
person 0.3112 104 159 115 176
person 0.3107 398 191 474 323
person 0.3101 429 181 447 223
person 0.3049 476 194 544 327
