person 0.8642 359 205 446 413
person 0.7631 278 222 328 326
person 0.7627 492 189 514 247
person 0.7307 128 174 154 246
person 0.7055 168 179 192 243
person 0.7050 566 184 594 248
person 0.7040 101 171 130 246
person 0.6964 0 170 26 226
person 0.6946 84 165 106 213
person 0.6584 446 176 483 287
person 0.6584 528 184 554 249
person 0.6413 230 163 278 292
person 0.6199 43 164 64 210
person 0.6069 146 176 171 244
person 0.6030 0 117 639 283
person 0.5736 617 169 639 264
person 0.5706 198 160 241 287
person 0.5583 318 173 374 327
person 0.5306 506 188 529 247
person 0.4786 266 180 293 245
person 0.4747 291 173 321 225
person 0.4479 34 104 47 125
person 0.4002 156 184 175 243
person 0.4001 308 181 337 230
person 0.3966 29 152 54 208
person 0.3917 480 183 501 246
person 0.3808 277 174 308 240
person 0.3769 10 173 29 215
person 0.3676 0 48 639 220
person 0.3675 55 87 68 116
person 0.3656 193 153 286 268
person 0.3640 186 171 212 251
person 0.3639 71 108 82 130
person 0.3510 63 108 74 130
person 0.3488 178 102 190 124
person 0.3475 516 176 528 194
person 0.3471 116 170 137 247
person 0.3364 56 110 69 130
person 0.3298 602 184 610 211
person 0.3206 404 173 440 223
person 0.3189 468 171 494 250
person 0.3170 301 157 414 251
person 0.3144 0 179 14 228
person 0.3028 324 178 338 199
