person 0.8733 0 165 116 326
person 0.7827 360 117 398 245
person 0.7630 441 170 485 237
person 0.7612 162 173 208 243
person 0.7497 400 115 436 243
person 0.7357 332 32 361 86
person 0.7281 552 122 602 234
person 0.7228 479 159 514 237
person 0.7182 309 26 335 87
person 0.7028 164 93 348 322
person 0.6828 435 37 462 82
person 0.6469 290 163 330 235
person 0.6463 262 24 286 81
person 0.6398 110 145 165 249
person 0.6271 523 160 560 236
person 0.6265 499 153 524 230
person 0.5841 85 56 113 94
person 0.5836 525 107 552 138
person 0.5717 54 52 83 97
person 0.5647 0 31 600 184
person 0.5618 95 26 120 81
person 0.5582 225 167 254 232
person 0.5540 600 118 637 226
person 0.5376 463 163 500 237
person 0.5349 16 52 46 81
person 0.5178 201 52 224 86
person 0.5104 125 23 155 79
person 0.5077 159 23 188 73
person 0.4965 281 25 306 82
person 0.4961 248 20 271 76
person 0.4939 77 28 475 340
person 0.4872 220 53 241 84
person 0.4746 33 21 60 74
person 0.4622 68 181 111 238
person 0.4593 177 54 203 83
person 0.4534 65 53 103 93
person 0.4525 141 55 168 94
person 0.4451 183 26 206 70
person 0.4353 141 28 168 71
person 0.4330 246 61 269 90
person 0.4270 115 52 142 99
person 0.4226 0 41 23 76
person 0.4066 48 15 217 106
person 0.3889 206 24 232 72
person 0.3879 281 57 310 92
person 0.3862 104 23 132 83
person 0.3840 133 72 639 279
person 0.3834 503 125 587 240
person 0.3761 229 52 249 84
person 0.3758 122 45 154 94
person 0.3559 57 19 84 61
person 0.3402 76 55 100 82
person 0.3375 80 24 97 56
person 0.3365 120 17 293 111
person 0.3193 0 13 24 50
person 0.3189 222 28 242 66
person 0.3174 36 9 369 126
person 0.3081 115 24 134 54
person 0.3008 114 21 138 75
