person 0.8206 4 238 83 452
person 0.7630 92 261 143 383
person 0.7567 237 255 267 349
person 0.7046 567 264 592 320
person 0.6873 382 265 399 320
person 0.6535 490 251 530 366
person 0.6305 125 265 149 344
person 0.5985 611 260 634 353
person 0.5733 191 264 209 314
person 0.5674 414 263 444 350
person 0.5625 148 268 165 315
person 0.5547 171 262 191 319
person 0.4979 475 258 491 305
person 0.4595 466 259 483 306
person 0.4398 389 267 405 319
person 0.4335 78 262 103 338
person 0.4103 62 71 575 327
person 0.4099 204 261 222 302
person 0.4047 165 263 183 318
person 0.3855 459 264 475 313
person 0.3691 0 267 17 380
person 0.3612 101 228 309 394
person 0.3577 16 266 28 282
person 0.3505 185 262 201 317
person 0.3423 150 265 172 335
person 0.3410 44 237 214 387
person 0.3282 22 224 471 399
person 0.3263 67 266 92 317
person 0.3104 83 261 110 306
person 0.3095 0 269 10 293
person 0.3090 221 265 239 302
person 0.3087 83 261 121 350
