person 0.9373 353 486 423 627
person 0.8928 272 176 364 316
person 0.8797 180 116 251 329
person 0.7894 3 59 26 132
person 0.7781 3 372 27 445
person 0.7403 452 341 481 425
person 0.7313 452 25 477 101
person 0.7022 412 27 435 97
person 0.6799 371 43 396 111
person 0.6795 350 360 373 422
person 0.6725 349 48 370 106
person 0.6673 32 64 55 126
person 0.6531 180 86 210 161
person 0.6332 372 359 398 423
person 0.6132 68 117 105 162
person 0.6130 42 61 61 123
person 0.6018 32 374 55 440
person 0.5357 107 372 128 435
person 0.5355 413 347 435 412
person 0.5294 125 58 151 120
person 0.4712 171 53 194 117
person 0.4599 108 61 123 118
person 0.4523 50 60 70 120
person 0.4395 173 47 211 122
person 0.4254 50 373 70 435
person 0.4243 120 65 133 112
person 0.4082 116 374 131 426
person 0.4004 177 366 206 432
person 0.3829 70 72 85 122
person 0.3779 24 63 44 119
person 0.3744 433 336 456 404
person 0.3724 197 375 221 433
person 0.3697 397 29 418 93
person 0.3614 42 370 61 436
person 0.3589 23 377 44 440
person 0.3544 397 348 416 411
person 0.3490 80 66 98 117
person 0.3489 194 53 219 118
person 0.3421 302 362 323 421
person 0.3413 66 373 92 443
person 0.3279 129 380 151 435
person 0.3276 462 86 484 116
person 0.3276 152 68 168 108
person 0.3151 35 88 372 483
person 0.3119 59 64 75 116
person 0.3055 89 62 113 115
