person 0.8623 376 95 392 142
person 0.7852 259 96 272 141
person 0.7840 328 95 344 138
person 0.7446 247 95 263 142
person 0.6480 30 57 109 264
person 0.6414 282 101 295 137
person 0.5807 291 98 310 140
person 0.5539 8 112 31 133
person 0.5303 129 106 138 126
person 0.4158 238 97 252 139
person 0.4039 357 96 368 134
person 0.3821 473 88 485 115
person 0.3690 31 57 98 129
person 0.3688 239 98 249 117
person 0.3515 298 95 312 126
person 0.3494 455 104 465 116
person 0.3457 464 102 474 117
person 0.3343 345 95 355 114
person 0.3232 216 99 227 120
person 0.3135 291 98 305 124
