person 0.8786 101 158 159 286
person 0.8415 14 137 47 230
person 0.7666 205 30 393 262
person 0.7421 334 279 366 334
person 0.7184 271 257 297 317
person 0.7136 50 189 96 246
person 0.7128 394 303 422 343
person 0.6140 365 297 390 335
person 0.5975 245 265 273 314
person 0.5628 289 285 314 321
person 0.5422 319 288 343 323
person 0.4955 319 281 355 333
person 0.4786 299 285 334 330
person 0.3896 202 198 235 241
person 0.3884 233 265 260 309
person 0.3732 293 282 311 308
person 0.3572 73 190 101 233
person 0.3147 247 217 261 243
person 0.3115 344 276 370 318
person 0.3075 19 134 407 354
person 0.3006 311 294 331 317
