person 0.9353 136 212 358 584
person 0.8462 109 146 181 253
person 0.8331 338 112 412 381
person 0.8223 176 150 233 247
person 0.7828 8 127 84 242
person 0.7584 74 134 126 220
person 0.6444 235 163 280 236
person 0.6191 75 187 124 256
person 0.5926 0 214 31 260
person 0.5780 142 163 206 246
person 0.5591 458 190 511 386
person 0.4370 37 180 88 252
person 0.3823 246 138 284 215
person 0.3626 204 144 241 205
person 0.3504 252 152 327 334
person 0.3451 460 197 509 283
person 0.3316 189 137 256 216
person 0.3265 54 186 85 238
person 0.3111 224 131 275 189
person 0.3003 72 153 150 249
