person 0.9373 416 99 538 279
person 0.8220 307 95 379 179
person 0.8131 225 44 330 148
person 0.8127 5 81 280 490
person 0.7931 447 231 633 505
person 0.7848 549 57 639 161
person 0.7723 0 20 51 208
person 0.7707 386 56 468 174
person 0.7535 492 58 555 136
person 0.7307 288 1 363 86
person 0.7030 455 13 535 90
person 0.6950 333 55 391 138
person 0.6842 373 2 476 74
person 0.5585 378 102 486 244
person 0.5540 491 0 592 67
person 0.5229 25 4 86 197
person 0.5008 195 28 367 178
person 0.4975 57 0 128 139
person 0.4830 610 11 639 101
person 0.4782 378 13 440 103
person 0.4265 352 91 443 189
person 0.4047 25 7 74 107
person 0.4009 310 16 392 117
person 0.3671 74 0 133 56
person 0.3645 0 11 46 109
person 0.3278 93 8 162 122
person 0.3273 420 20 522 108
person 0.3164 613 222 639 312
person 0.3125 350 34 518 191
person 0.3034 0 0 26 22
person 0.3014 280 54 352 150
