person 0.8306 44 276 100 358
person 0.8180 606 278 623 324
person 0.7774 95 257 127 339
person 0.7364 128 266 150 332
person 0.7319 148 263 171 335
person 0.7299 225 268 248 352
person 0.7151 191 268 228 389
person 0.6680 627 276 639 323
person 0.5920 280 268 295 317
person 0.5530 180 268 207 364
person 0.5235 288 265 306 320
person 0.4661 595 276 613 325
person 0.4590 354 266 368 281
person 0.4333 239 262 256 322
person 0.4277 376 267 398 324
person 0.4186 174 275 196 347
person 0.3991 166 266 182 319
person 0.3766 119 268 138 335
person 0.3719 614 273 639 328
person 0.3573 389 268 408 318
person 0.3525 293 266 315 323
person 0.3347 327 266 341 282
person 0.3337 347 267 360 281
person 0.3317 184 270 200 316
person 0.3282 185 272 198 293
person 0.3205 231 262 250 306
person 0.3194 317 265 330 281
person 0.3143 129 254 142 275
person 0.3126 157 270 251 368
