person 0.9363 0 230 111 464
person 0.8884 534 224 631 326
person 0.8848 356 220 523 431
person 0.8817 347 157 468 301
person 0.8662 266 231 365 394
person 0.8160 92 237 164 341
person 0.6951 163 239 234 373
person 0.6736 471 230 516 313
person 0.6216 133 240 181 331
person 0.5447 546 233 572 269
person 0.5081 58 242 134 387
person 0.4611 58 230 103 297
person 0.4606 503 238 523 266
person 0.4448 522 240 544 266
person 0.3896 518 237 551 293
person 0.3685 202 252 272 378
person 0.3504 155 263 172 281
person 0.3485 613 295 639 393
person 0.3177 121 230 166 314
person 0.3091 502 236 533 295
person 0.3060 350 242 380 296
person 0.3057 540 364 639 471
person 0.3022 129 239 208 379
