person 0.9014 162 278 262 425
person 0.8950 155 128 244 308
person 0.8538 390 141 531 418
person 0.7210 362 160 410 282
person 0.6446 47 318 203 426
person 0.6432 301 159 415 335
person 0.6040 241 186 388 389
person 0.4363 614 191 636 223
person 0.4187 1 275 41 426
person 0.4063 402 158 529 283
person 0.3846 44 169 56 191
person 0.3600 309 156 350 214
person 0.3588 38 168 49 191
person 0.3328 156 158 480 426
person 0.3297 100 173 114 189
person 0.3079 618 188 634 210
person 0.3048 65 170 74 188
