person 0.8560 162 221 288 505
person 0.6925 288 262 334 314
person 0.6323 363 260 408 311
person 0.6166 8 7 419 333
person 0.6074 0 106 34 147
person 0.6032 291 230 329 282
person 0.5661 222 193 256 249
person 0.5225 325 90 367 140
person 0.5111 332 237 367 281
person 0.4971 45 87 90 142
person 0.4865 389 232 419 284
person 0.4632 333 201 369 245
person 0.4458 15 0 400 144
person 0.4403 256 288 311 372
person 0.4367 347 17 377 67
person 0.4235 205 261 232 308
person 0.4151 382 180 412 222
person 0.4083 278 107 311 140
person 0.4066 399 85 425 132
person 0.4019 340 169 371 213
person 0.4001 162 109 196 141
person 0.3966 384 204 408 238
person 0.3959 371 163 398 201
person 0.3760 263 62 291 110
person 0.3749 360 80 389 129
person 0.3742 243 217 264 247
person 0.3670 77 97 109 141
person 0.3662 170 64 200 105
person 0.3660 294 210 326 248
person 0.3590 298 171 334 219
person 0.3589 379 229 411 273
person 0.3570 355 187 385 229
person 0.3540 288 78 322 129
person 0.3512 19 95 53 141
person 0.3483 398 282 424 329
person 0.3476 233 109 261 137
person 0.3404 302 169 327 198
person 0.3399 139 90 163 128
person 0.3398 390 189 418 241
person 0.3377 209 78 236 120
person 0.3363 109 84 138 115
person 0.3360 109 101 142 141
person 0.3302 203 92 226 126
person 0.3232 119 112 147 142
person 0.3216 314 0 346 48
person 0.3181 321 184 341 218
person 0.3146 98 183 177 312
person 0.3131 324 79 351 115
person 0.3127 14 77 48 132
person 0.3101 90 102 124 142
person 0.3058 366 219 387 259
person 0.3046 219 240 257 299
person 0.3030 299 193 334 242
person 0.3029 377 282 419 330
person 0.3026 403 155 424 193
person 0.3013 209 110 238 138
person 0.3010 224 54 256 109
