person 0.8430 217 213 279 316
person 0.8178 0 209 47 311
person 0.8081 438 33 478 120
person 0.7954 233 98 278 169
person 0.7821 489 19 549 130
person 0.7807 514 1 585 86
person 0.7530 139 112 193 216
person 0.7505 13 16 559 330
person 0.7402 343 46 396 138
person 0.7324 141 247 204 347
person 0.7021 115 93 151 175
person 0.6933 277 105 340 196
person 0.6731 402 235 452 304
person 0.6614 273 194 339 270
person 0.6461 74 204 103 263
person 0.6175 180 76 216 146
person 0.5842 478 40 521 153
person 0.5785 144 72 188 142
person 0.5691 467 306 525 359
person 0.5648 11 146 54 219
person 0.5596 270 205 306 274
person 0.5522 213 151 252 193
person 0.5486 83 192 125 269
person 0.5355 163 19 195 62
person 0.5055 218 35 250 81
person 0.4837 97 198 134 295
person 0.4782 245 4 288 73
person 0.4777 589 66 639 126
person 0.4499 395 209 441 258
person 0.4303 193 78 233 144
person 0.3954 269 102 322 164
person 0.3876 509 301 567 350
person 0.3842 355 80 402 140
person 0.3612 175 141 213 207
person 0.3588 112 204 169 310
person 0.3523 258 194 318 304
person 0.3520 611 122 639 186
person 0.3502 87 88 120 140
person 0.3449 45 108 76 153
person 0.3326 73 98 105 141
person 0.3324 555 0 595 51
person 0.3248 97 80 122 120
person 0.3212 300 262 352 335
person 0.3202 183 12 205 42
person 0.3150 6 141 39 193
person 0.3137 216 97 258 166
person 0.3110 105 120 139 180
person 0.3105 83 102 121 164
