person 0.8571 230 244 341 437
person 0.8026 163 249 221 408
person 0.6840 228 251 270 309
person 0.5952 358 223 370 245
person 0.5758 267 248 354 384
person 0.5277 512 219 528 246
person 0.4815 342 250 387 316
person 0.4735 352 225 370 257
person 0.4381 367 235 387 266
person 0.4211 321 253 384 377
person 0.4138 617 222 634 252
person 0.4057 508 218 520 246
person 0.3981 357 223 382 268
person 0.3854 388 288 471 408
person 0.3571 590 216 603 234
person 0.3567 350 222 360 248
person 0.3565 514 219 526 236
person 0.3104 425 299 509 406
person 0.3030 631 210 639 236
