person 0.9336 331 31 608 425
person 0.9137 233 115 350 298
person 0.9132 360 45 442 289
person 0.8358 0 8 639 115
person 0.6315 130 75 162 109
person 0.6028 77 66 116 110
person 0.5650 310 34 347 81
person 0.5646 596 75 631 110
person 0.5435 103 68 135 109
person 0.5285 323 70 362 115
person 0.5074 28 64 70 108
person 0.5054 580 37 617 81
person 0.5042 288 69 328 113
person 0.4578 580 59 609 96
person 0.4510 160 77 196 113
person 0.4335 550 76 583 111
person 0.4301 175 46 208 86
person 0.4145 613 29 639 71
person 0.4095 204 47 238 86
person 0.4034 8 47 42 96
person 0.3874 117 30 155 75
person 0.3845 251 65 288 110
person 0.3792 465 1 497 37
person 0.3528 526 0 559 37
person 0.3512 43 53 72 98
person 0.3497 0 76 27 112
person 0.3496 416 20 443 55
person 0.3397 204 64 237 108
person 0.3329 561 35 589 74
person 0.3286 441 23 470 55
person 0.3261 576 16 610 55
person 0.3165 176 79 206 112
person 0.3163 205 33 237 66
person 0.3120 26 15 60 59
person 0.3089 283 41 308 75
person 0.3055 83 29 119 72
person 0.3052 195 6 225 46
person 0.3045 613 61 639 110
