person 0.7535 359 208 412 334
person 0.7402 344 207 367 279
person 0.6897 0 186 16 247
person 0.5814 253 204 265 237
person 0.5800 336 218 346 242
person 0.4941 304 215 319 241
person 0.4804 280 207 288 225
person 0.4459 363 213 377 246
person 0.4420 328 214 340 243
person 0.4089 292 210 301 231
person 0.3765 189 200 199 217
person 0.3740 183 199 192 217
person 0.3703 242 204 251 226
person 0.3667 227 204 235 223
person 0.3630 80 192 89 207
person 0.3625 344 213 353 229
person 0.3589 285 206 293 224
person 0.3491 360 210 383 281
person 0.3347 340 211 359 261
person 0.3278 374 213 383 231
person 0.3197 248 204 258 226
person 0.3094 393 206 408 237
person 0.3039 153 200 162 214
