person 0.7963 338 143 355 190
person 0.7543 421 104 453 206
person 0.6786 290 127 315 197
person 0.5997 32 131 42 157
person 0.5868 377 150 402 187
person 0.5832 216 146 225 171
person 0.5664 232 148 246 176
person 0.5548 239 148 252 176
person 0.5048 60 128 72 160
person 0.4951 227 148 236 171
person 0.4263 226 134 238 162
person 0.3687 197 141 208 168
person 0.3620 393 145 406 164
person 0.3527 6 128 16 152
person 0.3525 287 152 309 196
person 0.3409 374 155 386 186
person 0.3251 298 124 320 179
person 0.3247 0 124 8 141
person 0.3110 218 137 236 172
person 0.3089 431 106 443 125
person 0.3077 280 152 296 183
person 0.3028 0 127 8 151
