person 0.6310 526 126 538 149
person 0.5682 430 184 445 207
person 0.5349 78 241 100 316
person 0.4340 430 193 445 214
person 0.4027 59 238 83 311
person 0.3910 542 208 556 224
person 0.3894 366 127 376 147
person 0.3856 295 228 317 256
person 0.3848 416 124 426 142
person 0.3843 376 120 385 142
person 0.3748 16 248 33 313
person 0.3611 128 222 143 280
person 0.3515 601 263 630 358
person 0.3497 344 198 359 213
person 0.3236 496 208 510 226
person 0.3234 431 183 443 197
person 0.3189 403 131 413 144
person 0.3188 357 125 368 153
person 0.3085 384 122 395 141
