person 0.8500 424 291 462 390
person 0.8274 330 284 358 352
person 0.7798 207 233 215 253
person 0.7293 382 317 404 376
person 0.7154 397 290 423 372
person 0.7058 272 274 284 306
person 0.7016 362 288 385 356
person 0.6630 159 217 166 230
person 0.6107 145 209 152 222
person 0.5869 112 204 117 213
person 0.5722 465 307 492 399
person 0.5556 477 310 509 406
person 0.5383 511 303 533 334
person 0.5296 518 325 552 423
person 0.5237 381 289 397 329
person 0.4972 534 324 567 426
person 0.4815 124 210 129 219
person 0.4581 613 307 639 350
person 0.4467 370 289 395 350
person 0.4366 108 202 114 211
person 0.4137 103 194 109 205
person 0.4015 510 316 535 393
person 0.3948 285 294 300 325
person 0.3940 61 197 67 206
person 0.3801 370 318 388 364
person 0.3663 483 311 508 363
person 0.3573 121 205 128 217
person 0.3563 63 198 70 205
person 0.3550 466 307 487 355
person 0.3395 143 203 152 220
person 0.3197 539 324 565 380
person 0.3193 326 258 612 408
