person 0.9134 33 225 101 439
person 0.8693 184 218 311 564
person 0.8332 442 241 472 326
person 0.7323 469 244 492 322
person 0.6085 371 241 393 291
person 0.5788 556 257 580 303
person 0.5668 0 234 33 430
person 0.5594 286 237 314 292
person 0.5580 367 282 410 372
person 0.4911 183 237 207 321
person 0.4872 342 244 362 305
person 0.4780 395 246 416 300
person 0.4698 425 247 445 296
person 0.4611 349 245 366 283
person 0.4060 301 241 321 304
person 0.4055 464 240 479 323
person 0.4052 321 247 335 282
person 0.3945 327 246 350 285
person 0.3906 342 251 414 352
person 0.3873 433 238 452 297
person 0.3750 360 241 385 286
person 0.3671 543 263 560 301
person 0.3636 330 253 359 311
person 0.3557 29 202 584 401
person 0.3308 11 232 40 317
person 0.3221 215 239 238 283
person 0.3221 130 258 141 277
person 0.3194 382 284 413 318
person 0.3154 207 241 324 319
person 0.3137 144 269 156 293
person 0.3104 322 241 428 311
person 0.3078 340 286 399 371
person 0.3027 305 249 374 350
person 0.3023 163 243 305 366
