person 0.9108 43 67 472 395
person 0.7820 393 340 435 389
person 0.7683 428 336 482 390
person 0.6344 525 286 591 387
person 0.6246 321 332 393 391
person 0.5669 24 364 58 391
person 0.4990 477 323 524 385
person 0.4634 316 356 342 390
person 0.4575 309 358 331 389
person 0.4254 470 329 505 380
person 0.4210 254 365 287 391
person 0.4046 451 331 484 379
person 0.3784 267 336 320 392
person 0.3561 9 357 35 390
person 0.3362 460 332 479 359
person 0.3238 513 313 552 385
person 0.3085 476 296 552 394
