person 0.7293 12 60 32 87
person 0.5041 504 365 537 393
person 0.4903 159 309 183 335
person 0.4633 0 42 6 73
person 0.4442 119 118 139 142
person 0.4427 189 310 213 334
person 0.4385 207 309 230 334
person 0.3914 14 165 30 177
person 0.3602 8 165 22 178
person 0.3415 288 111 306 130
person 0.3348 24 164 40 177
person 0.3324 570 54 583 79
person 0.3294 289 33 303 64
person 0.3183 520 456 559 479
person 0.3126 0 19 6 36
person 0.3089 142 24 152 46
person 0.3070 15 44 25 62
person 0.3061 139 17 151 41
