person 0.5200 200 184 219 209
person 0.4943 184 176 201 202
person 0.4713 223 184 238 209
person 0.4708 213 185 227 208
person 0.4461 213 177 226 197
person 0.4348 214 195 226 214
person 0.4340 195 177 209 196
person 0.4017 222 177 236 197
person 0.3972 193 181 213 212
person 0.3902 204 177 218 196
person 0.3350 184 199 199 215
person 0.3316 195 171 208 188
person 0.3277 214 171 226 186
person 0.3185 231 185 246 209
person 0.3113 205 171 217 186
person 0.3045 185 170 199 189
person 0.3002 186 169 210 210
