person 0.9094 0 0 343 423
person 0.8990 264 155 356 216
person 0.7961 384 152 457 222
person 0.7952 379 53 622 382
person 0.5886 440 174 470 221
person 0.5066 245 171 272 202
person 0.4273 233 166 263 207
person 0.4204 286 169 303 186
person 0.4001 0 52 100 159
person 0.3724 231 164 251 194
person 0.3701 344 183 360 207
person 0.3687 373 165 406 206
person 0.3454 360 177 380 198
person 0.3297 30 70 100 107
person 0.3174 423 163 466 216
person 0.3109 249 172 269 189
person 0.3095 432 174 460 203
person 0.3021 630 129 639 152
