person 0.9418 196 100 318 307
person 0.8581 458 39 498 80
person 0.8392 496 35 545 80
person 0.8265 104 28 153 81
person 0.8192 299 41 333 80
person 0.8070 5 32 45 78
person 0.8069 415 38 455 81
person 0.7714 41 39 75 81
person 0.7698 379 38 413 80
person 0.7337 73 34 108 80
person 0.6746 329 46 361 82
person 0.6497 550 128 598 197
person 0.6190 0 10 28 58
person 0.6142 515 19 558 81
person 0.6089 268 41 299 80
person 0.6064 323 14 362 64
person 0.5845 478 8 514 56
person 0.5813 353 10 389 71
person 0.5784 439 12 472 63
person 0.5729 33 11 70 52
person 0.5653 12 0 629 127
person 0.5608 399 3 440 63
person 0.5341 609 54 639 129
person 0.4762 69 16 105 61
person 0.4761 138 8 182 69
person 0.4568 286 14 324 58
person 0.4251 245 10 277 54
person 0.4249 89 0 475 82
person 0.4236 527 1 576 80
person 0.4102 221 34 249 77
person 0.4025 503 0 536 34
person 0.3814 192 1 228 74
person 0.3670 460 0 490 36
person 0.3645 101 17 138 60
person 0.3484 201 29 232 78
person 0.3256 558 0 590 76
