person 0.9164 0 0 251 424
person 0.8598 117 11 437 410
person 0.8384 521 11 579 103
person 0.6844 356 74 510 357
person 0.6459 255 0 534 424
person 0.6053 541 84 622 268
person 0.6033 581 8 638 171
person 0.5532 136 87 181 129
person 0.5022 418 68 441 101
person 0.5015 2 67 46 116
person 0.4986 550 28 620 168
person 0.4914 193 86 211 104
person 0.4893 485 72 524 139
person 0.4428 500 114 588 298
person 0.4379 490 58 516 93
person 0.4167 447 104 564 320
person 0.4006 496 65 599 209
person 0.3943 467 73 527 177
person 0.3774 503 59 519 73
person 0.3756 233 22 266 51
person 0.3717 395 68 453 185
person 0.3622 15 74 32 94
person 0.3543 273 20 315 56
person 0.3368 494 59 514 74
person 0.3313 338 75 432 214
person 0.3242 409 66 445 113
person 0.3218 9 71 37 99
person 0.3217 584 2 635 70
person 0.3140 411 125 507 311
person 0.3137 254 54 451 300
person 0.3064 509 38 591 157
