person 0.8756 34 133 112 369
person 0.5784 140 138 165 213
person 0.4447 414 135 427 160
person 0.4382 383 141 399 166
person 0.4200 439 135 459 171
person 0.4164 471 133 491 174
person 0.4141 112 134 135 172
person 0.4113 100 136 113 175
person 0.3990 208 138 220 159
person 0.3660 123 134 135 160
person 0.3541 90 136 109 191
person 0.3470 130 136 145 172
person 0.3413 109 135 121 160
person 0.3209 164 137 193 193
person 0.3114 165 133 180 161
person 0.3086 159 129 182 175
person 0.3048 255 142 270 162
person 0.3046 246 140 257 154
