person 0.8461 335 201 426 419
person 0.8196 320 11 474 244
person 0.8171 186 217 282 395
person 0.7412 283 100 363 281
person 0.6089 241 232 346 369
person 0.5809 208 119 292 271
person 0.4679 554 308 595 352
person 0.4591 242 154 295 262
person 0.4311 552 305 639 479
person 0.4205 219 75 336 270
person 0.4204 198 154 261 262
person 0.3563 218 90 290 145
person 0.3539 326 14 434 140
person 0.3515 566 306 614 355
person 0.3318 585 321 609 355
person 0.3237 528 304 584 351
person 0.3212 132 252 208 383
person 0.3129 302 23 349 132
