person 0.7097 279 382 297 423
person 0.7086 315 388 335 426
person 0.6411 552 430 578 484
person 0.6049 509 460 545 493
person 0.5388 350 389 369 427
person 0.5266 332 357 352 401
person 0.5141 341 377 367 432
person 0.5039 321 363 337 395
person 0.4855 337 364 362 411
person 0.4212 300 350 324 394
person 0.4195 295 348 314 393
person 0.3855 166 308 177 325
person 0.3805 140 305 150 321
person 0.3795 184 314 196 333
person 0.3680 344 361 357 383
person 0.3594 338 395 369 447
person 0.3483 148 306 160 322
person 0.3480 262 382 277 414
person 0.3378 232 406 261 429
person 0.3330 321 376 347 428
person 0.3288 156 310 166 323
person 0.3272 180 317 189 332
person 0.3265 193 312 208 333
person 0.3240 537 466 566 500
person 0.3205 157 313 169 332
person 0.3186 193 307 206 325
person 0.3116 287 350 305 392
person 0.3025 298 348 312 375
