person 0.6375 105 152 195 331
person 0.6333 262 157 294 221
person 0.5598 447 123 467 169
person 0.5367 244 230 411 359
person 0.5019 189 152 222 195
person 0.4960 268 162 332 250
person 0.4920 307 194 387 324
person 0.4880 118 144 187 223
person 0.4876 214 129 243 184
person 0.4627 386 226 476 359
person 0.4394 151 219 278 354
person 0.4243 150 196 207 265
person 0.4230 155 138 212 214
person 0.4209 147 128 174 162
person 0.4158 126 190 227 343
person 0.4108 1 230 76 357
person 0.3924 206 124 236 171
person 0.3774 0 177 68 310
person 0.3580 209 123 262 194
person 0.3428 143 132 177 182
person 0.3408 97 151 171 260
person 0.3330 370 287 456 355
person 0.3216 211 167 234 195
person 0.3215 186 135 243 212
person 0.3202 202 123 228 144
person 0.3016 222 124 238 140
