person 0.6834 270 546 281 573
person 0.6025 100 557 111 578
person 0.5800 82 558 91 576
person 0.5626 241 549 252 572
person 0.5610 258 548 269 573
person 0.4866 220 549 234 572
person 0.4809 251 547 263 573
person 0.4758 33 553 44 569
person 0.4662 286 558 300 576
person 0.4621 0 553 6 569
person 0.4470 296 560 306 576
person 0.4325 51 554 62 570
person 0.4148 279 558 291 576
person 0.4132 144 556 158 578
person 0.3883 15 552 27 571
person 0.3532 45 554 55 569
person 0.3300 277 550 289 571
person 0.3203 213 549 226 573
person 0.3147 155 556 166 578
person 0.3085 323 549 337 572
person 0.3066 107 556 118 577
