person 0.9593 19 70 402 427
person 0.8964 358 106 437 303
person 0.8282 269 18 373 268
person 0.8084 104 66 168 232
person 0.7808 192 65 246 127
person 0.6057 161 69 205 123
person 0.5998 25 77 93 343
person 0.5361 27 47 104 176
person 0.4753 321 75 376 256
person 0.4575 53 45 118 287
person 0.4378 76 68 102 103
person 0.4317 119 63 201 211
person 0.4087 231 73 269 138
person 0.4001 0 72 48 301
person 0.3953 288 39 366 183
person 0.3762 203 28 367 405
person 0.3204 202 57 281 147
person 0.3088 340 87 381 205
