person 0.9155 380 328 440 424
person 0.8923 463 317 535 420
person 0.8157 177 344 187 370
person 0.7643 609 296 638 407
person 0.7146 441 316 467 391
person 0.7084 193 348 208 381
person 0.6983 114 349 121 364
person 0.6004 92 353 106 380
person 0.5883 161 333 167 344
person 0.5576 433 304 441 316
person 0.5283 423 304 431 316
person 0.4736 20 351 29 365
person 0.4666 0 352 11 378
person 0.4417 145 352 160 384
person 0.4336 505 316 519 338
person 0.4215 330 311 337 328
person 0.4138 55 348 63 365
person 0.4112 451 303 459 314
person 0.3515 149 332 158 344
person 0.3470 55 340 63 359
person 0.3349 143 352 153 382
person 0.3279 6 347 18 370
person 0.3260 106 341 112 353
person 0.3161 50 277 205 381
person 0.3118 20 277 26 289
person 0.3069 504 304 582 422
person 0.3024 0 344 22 376
person 0.3010 28 245 615 404
