person 0.8748 302 268 363 457
person 0.8369 589 277 638 401
person 0.8243 65 217 136 437
person 0.7866 177 261 229 353
person 0.7427 419 264 458 378
person 0.7311 232 271 274 367
person 0.7000 2 243 64 410
person 0.6853 289 272 330 449
person 0.6657 367 266 410 375
person 0.6170 120 278 157 398
person 0.5224 159 267 194 342
person 0.5105 22 237 96 413
person 0.4214 191 256 286 380
person 0.3926 83 240 163 399
person 0.3919 326 257 365 315
person 0.3901 222 271 253 350
person 0.3766 232 256 331 385
person 0.3734 0 242 580 397
person 0.3691 131 251 216 376
person 0.3667 0 241 28 403
person 0.3579 390 289 457 428
person 0.3513 562 285 623 405
person 0.3465 285 252 331 318
person 0.3426 348 273 371 309
person 0.3332 16 253 70 346
person 0.3330 275 259 368 384
person 0.3202 409 268 441 348
person 0.3109 0 244 26 303
person 0.3016 321 257 349 289
person 0.3006 71 223 127 285
