person 0.8910 385 126 460 289
person 0.7492 463 121 532 263
person 0.7021 1 227 29 270
person 0.6533 552 192 566 220
person 0.6240 573 199 582 211
person 0.5402 593 200 602 211
person 0.5127 592 204 602 217
person 0.4659 254 198 262 207
person 0.4532 599 200 610 212
person 0.4359 632 207 639 217
person 0.4216 573 203 583 217
person 0.3719 599 204 610 216
person 0.3703 471 109 523 195
person 0.3354 534 205 543 216
person 0.3183 528 205 537 217
person 0.3134 442 131 510 243
person 0.3009 459 132 503 205
