person 0.9582 333 82 445 207
person 0.6826 422 304 432 323
person 0.6646 310 287 318 302
person 0.6455 452 298 463 324
person 0.5478 182 292 190 308
person 0.5300 401 290 408 308
person 0.5103 211 307 224 338
person 0.4634 234 285 240 295
person 0.4353 265 286 272 296
person 0.4328 243 285 250 294
person 0.3818 478 287 485 299
person 0.3779 254 287 262 295
person 0.3608 160 280 168 292
person 0.3521 451 296 462 313
person 0.3253 213 303 223 323
person 0.3225 205 317 220 340
person 0.3146 230 286 237 295
