person 0.8160 110 424 190 537
person 0.7403 333 432 402 601
person 0.6982 43 91 73 154
person 0.6704 0 26 427 316
person 0.6661 72 305 100 350
person 0.5740 281 392 311 447
person 0.5728 241 388 271 448
person 0.5698 111 123 143 164
person 0.5696 0 217 427 430
person 0.5677 210 387 236 447
person 0.5650 230 387 256 448
person 0.5563 274 158 297 186
person 0.5363 192 311 220 356
person 0.5348 100 307 125 350
person 0.5283 204 136 230 176
person 0.5136 94 65 120 111
person 0.5094 115 307 140 350
person 0.5082 15 300 49 348
person 0.4904 104 118 125 154
person 0.4895 104 267 127 305
person 0.4862 388 396 421 454
person 0.4847 16 43 43 93
person 0.4815 178 259 202 296
person 0.4801 300 393 329 446
person 0.4704 73 369 109 439
person 0.4631 264 394 298 448
person 0.4572 76 43 97 78
person 0.4528 16 0 45 44
person 0.4528 129 383 159 436
person 0.4499 92 374 124 440
person 0.4456 197 279 221 312
person 0.4454 4 402 32 449
person 0.4437 215 310 241 355
person 0.4427 246 102 266 133
person 0.4389 198 241 218 274
person 0.4384 152 385 180 432
person 0.4367 44 412 73 458
person 0.4346 21 399 49 450
person 0.4344 115 379 146 441
person 0.4305 318 406 352 449
person 0.4294 269 305 293 347
person 0.4245 123 119 146 153
person 0.4242 314 110 331 141
person 0.4236 293 300 315 332
person 0.4208 350 131 369 161
person 0.4207 246 158 266 185
person 0.4119 37 53 61 89
person 0.4094 130 268 154 304
person 0.4092 235 82 255 113
person 0.4048 378 153 396 175
person 0.4019 19 101 40 132
person 0.4017 224 309 250 347
person 0.4004 139 50 165 88
person 0.3986 123 310 143 341
person 0.3979 56 397 86 451
person 0.3967 16 285 39 324
person 0.3946 29 286 54 323
person 0.3937 332 131 351 159
person 0.3877 3 94 29 145
person 0.3865 57 261 76 291
person 0.3860 38 4 60 44
person 0.3829 309 162 334 186
person 0.3828 310 117 333 154
person 0.3820 329 322 348 343
person 0.3799 188 377 218 444
person 0.3797 397 302 416 329
person 0.3784 87 118 106 152
person 0.3776 4 303 33 347
person 0.3758 266 139 286 171
person 0.3745 367 158 389 186
person 0.3738 106 115 123 137
person 0.3718 266 293 292 329
person 0.3708 387 313 405 336
person 0.3707 256 293 273 320
person 0.3694 1 307 20 342
person 0.3692 198 47 217 77
person 0.3690 104 61 124 97
person 0.3675 226 102 245 133
person 0.3665 205 97 229 136
person 0.3660 254 63 274 94
person 0.3657 318 302 341 331
person 0.3653 283 130 301 158
person 0.3644 341 309 360 338
person 0.3627 103 300 124 331
person 0.3617 121 46 142 78
person 0.3594 51 245 64 270
person 0.3592 293 140 310 173
person 0.3589 208 53 230 86
person 0.3559 264 121 283 151
person 0.3551 86 292 104 322
person 0.3543 171 314 192 353
person 0.3536 236 297 259 332
person 0.3533 328 323 352 360
person 0.3521 1 90 22 123
person 0.3510 367 309 387 337
person 0.3503 332 294 347 316
person 0.3498 96 36 115 66
person 0.3483 179 300 200 327
person 0.3479 157 314 182 351
person 0.3468 351 276 367 298
person 0.3467 217 281 239 311
person 0.3464 246 231 269 280
person 0.3445 376 130 395 158
person 0.3440 86 252 103 282
person 0.3438 337 163 359 188
person 0.3431 37 77 67 131
person 0.3430 343 414 375 456
person 0.3430 79 95 92 120
person 0.3424 173 378 200 436
person 0.3414 41 267 56 289
person 0.3411 252 149 275 180
person 0.3407 408 152 424 174
person 0.3377 115 245 132 274
person 0.3350 21 253 39 284
person 0.3341 125 119 157 169
person 0.3327 308 72 331 105
person 0.3324 67 114 89 156
person 0.3324 94 119 113 151
person 0.3322 284 272 303 300
person 0.3316 76 113 99 159
person 0.3313 380 281 397 309
person 0.3310 372 116 385 137
person 0.3310 64 68 87 108
person 0.3290 39 70 60 106
person 0.3279 121 137 143 169
person 0.3273 302 121 322 152
person 0.3272 157 248 182 288
person 0.3262 374 156 398 188
person 0.3257 58 37 76 67
person 0.3235 9 83 28 114
person 0.3233 397 133 414 157
person 0.3231 409 125 422 148
person 0.3209 133 305 158 348
person 0.3201 219 247 238 274
person 0.3199 36 288 62 333
person 0.3196 388 141 407 169
person 0.3191 76 98 95 134
person 0.3188 68 4 427 190
person 0.3185 218 17 235 48
person 0.3178 360 322 377 342
person 0.3165 88 31 104 53
person 0.3157 59 78 84 130
person 0.3142 58 72 80 103
person 0.3138 287 294 301 317
person 0.3137 31 72 48 106
person 0.3133 350 157 370 187
person 0.3117 28 99 50 134
person 0.3112 358 308 381 340
person 0.3110 407 293 423 315
person 0.3099 103 132 126 173
person 0.3099 68 261 89 292
person 0.3086 56 272 79 301
person 0.3077 67 237 84 261
person 0.3069 142 383 165 432
person 0.3067 153 327 173 357
person 0.3065 206 23 228 58
person 0.3058 257 27 274 55
person 0.3057 137 237 163 279
person 0.3041 84 302 108 347
person 0.3038 294 110 313 143
person 0.3016 143 28 161 57
person 0.3012 160 311 180 334
person 0.3012 63 267 91 306
person 0.3004 30 242 51 274
person 0.3002 180 46 199 78
person 0.3001 103 252 124 284
