person 0.6917 198 259 319 402
person 0.6226 170 179 195 226
person 0.5149 86 183 107 217
person 0.5052 148 179 170 222
person 0.4684 310 295 332 340
person 0.4677 112 185 142 270
person 0.4126 161 187 175 218
person 0.4048 133 216 212 349
person 0.3911 137 182 157 219
person 0.3632 146 182 163 208
person 0.3501 155 177 169 195
person 0.3485 204 185 231 234
person 0.3433 136 184 148 206
person 0.3431 117 181 142 217
person 0.3407 0 209 20 365
person 0.3394 140 183 152 203
person 0.3335 106 188 119 213
person 0.3333 219 261 302 344
person 0.3321 123 182 139 203
person 0.3304 111 177 123 196
person 0.3279 1 178 22 247
person 0.3202 193 187 215 231
person 0.3089 182 183 198 221
