person 0.9728 318 100 562 416
person 0.9522 186 132 329 423
person 0.8848 324 155 403 287
person 0.8418 0 136 108 305
person 0.8047 1 200 211 422
person 0.7414 174 154 233 242
person 0.6764 87 157 119 206
person 0.5581 112 154 141 202
person 0.5512 215 142 242 187
person 0.5286 152 154 190 202
person 0.5012 0 166 32 247
person 0.4774 133 151 152 184
person 0.4519 286 132 308 205
person 0.4118 0 142 21 194
person 0.4037 122 161 147 192
person 0.4030 226 139 245 180
person 0.3647 499 202 569 392
person 0.3411 207 141 233 179
person 0.3223 144 153 168 188
person 0.3171 0 106 504 250
person 0.3147 26 160 45 200
