person 0.9573 14 116 320 509
person 0.8394 19 6 62 121
person 0.7987 250 58 293 115
person 0.7689 187 328 418 565
person 0.7539 50 6 98 112
person 0.7516 82 61 122 111
person 0.6663 112 11 146 82
person 0.6447 17 0 407 123
person 0.6170 0 1 33 92
person 0.6118 290 64 330 116
person 0.6110 336 68 372 113
person 0.6020 163 53 208 111
person 0.5753 390 74 425 125
person 0.5441 346 65 390 116
person 0.5299 380 44 412 94
person 0.5051 89 0 120 48
person 0.4963 151 0 191 35
person 0.4716 154 42 187 97
person 0.4086 320 62 354 107
person 0.3893 334 37 370 84
person 0.3643 291 23 328 69
person 0.3619 321 44 353 90
person 0.3580 227 34 257 93
person 0.3493 374 33 396 70
person 0.3477 255 29 291 72
person 0.3459 395 6 425 53
person 0.3434 53 2 96 51
person 0.3380 380 63 414 120
person 0.3291 176 52 205 92
person 0.3269 351 40 385 83
person 0.3083 330 5 363 46
person 0.3073 187 62 224 114
person 0.3055 182 38 215 94
person 0.3011 271 0 309 36
