person 0.8058 558 46 638 235
person 0.7746 312 100 331 151
person 0.7714 508 91 531 153
person 0.7409 215 112 224 135
person 0.7221 430 97 445 139
person 0.6731 537 90 565 165
person 0.6507 467 97 490 146
person 0.6398 289 106 302 130
person 0.6336 488 95 510 148
person 0.6331 197 111 209 138
person 0.6147 226 108 235 134
person 0.5983 520 90 544 156
person 0.5829 504 86 521 151
person 0.5652 456 94 473 142
person 0.5315 450 97 465 139
person 0.4909 187 116 198 133
person 0.4649 202 114 216 137
person 0.4403 103 122 111 132
person 0.4015 533 91 546 126
person 0.3842 531 87 549 164
person 0.3811 307 100 324 140
person 0.3765 451 83 563 173
person 0.3602 555 90 588 161
person 0.3520 83 120 93 135
person 0.3380 122 122 131 133
person 0.3343 496 80 540 163
person 0.3183 444 100 482 141
person 0.3066 272 92 446 159
