person 0.7883 172 199 195 265
person 0.7794 543 188 572 242
person 0.7409 225 193 250 260
person 0.7025 451 189 477 225
person 0.7013 426 186 447 226
person 0.6922 521 188 543 239
person 0.6854 331 189 350 257
person 0.6279 409 193 425 223
person 0.5434 394 192 407 223
person 0.5330 295 203 311 246
person 0.5191 381 194 397 223
person 0.5032 248 195 266 233
person 0.4758 430 223 481 268
person 0.4608 243 195 263 254
person 0.3997 266 196 287 256
person 0.3921 325 187 343 250
person 0.3738 280 194 303 255
person 0.3738 412 185 439 230
person 0.3737 356 190 372 238
person 0.3448 212 208 228 259
person 0.3440 624 197 639 253
person 0.3383 39 170 597 309
person 0.3096 338 190 351 224
person 0.3047 274 194 293 240
