person 0.9149 201 285 298 432
person 0.8881 41 250 123 424
person 0.8824 360 282 442 434
person 0.8527 426 279 525 431
person 0.8513 262 185 325 337
person 0.8389 106 290 209 434
person 0.8289 288 289 368 433
person 0.8255 488 283 594 426
person 0.8090 532 106 605 280
person 0.7940 41 116 115 293
person 0.7732 159 191 224 333
person 0.7701 116 185 174 348
person 0.7595 403 177 482 338
person 0.7554 535 26 604 173
person 0.7323 461 36 535 164
person 0.7288 111 119 184 247
person 0.7276 556 240 632 412
person 0.7120 188 126 249 226
person 0.6900 113 64 175 162
person 0.6825 312 186 381 332
person 0.6811 392 43 465 161
person 0.6792 227 45 295 177
person 0.6784 171 56 236 173
person 0.6777 39 61 114 167
person 0.6742 342 50 406 175
person 0.6707 284 51 350 172
person 0.6668 478 165 537 293
person 0.6553 364 196 426 325
person 0.6377 305 117 376 229
person 0.6204 417 134 482 219
person 0.6174 250 117 308 223
person 0.5916 287 197 355 328
person 0.5379 474 123 535 215
person 0.5234 45 83 590 342
person 0.5090 220 180 265 310
person 0.4970 377 123 424 224
person 0.4319 132 58 204 166
person 0.4189 210 171 365 346
person 0.3481 130 200 204 360
person 0.3476 324 177 472 342
person 0.3455 142 173 277 341
person 0.3372 33 52 461 248
person 0.3153 203 79 284 202
person 0.3102 435 120 502 229
