person 0.7330 113 149 123 171
person 0.7301 309 159 319 176
person 0.6034 339 164 349 186
person 0.5758 327 141 337 154
person 0.4970 355 149 365 165
person 0.4731 322 140 331 154
person 0.4497 356 143 366 157
person 0.4410 601 136 609 144
person 0.4177 377 142 385 153
person 0.3873 131 170 139 181
person 0.3851 556 129 565 137
person 0.3831 377 139 384 147
person 0.3805 131 166 139 175
person 0.3746 365 142 374 153
person 0.3541 365 138 374 147
person 0.3298 534 135 545 144
person 0.3265 563 133 572 143
person 0.3207 350 144 359 156
person 0.3183 556 133 564 143
person 0.3125 117 149 130 169
person 0.3116 563 129 572 137
person 0.3012 595 136 603 144
person 0.3004 528 135 537 144
