person 0.8785 104 135 180 298
person 0.8643 47 117 120 291
person 0.8553 329 62 555 380
person 0.8344 447 198 502 293
person 0.8323 185 12 253 88
person 0.8131 16 28 71 84
person 0.8077 0 119 57 288
person 0.7789 377 0 438 65
person 0.7738 281 2 341 69
person 0.7725 292 107 366 297
person 0.7683 418 26 472 82
person 0.7617 513 1 589 78
person 0.7564 244 43 295 87
person 0.7499 70 3 133 72
person 0.7345 483 201 548 311
person 0.7166 75 46 119 87
person 0.7146 568 209 616 302
person 0.7143 117 43 165 87
person 0.6995 325 0 396 71
person 0.6804 514 193 590 314
person 0.6797 234 0 286 65
person 0.6704 258 203 333 304
person 0.6615 138 2 187 60
person 0.6337 569 31 627 82
person 0.5327 0 28 19 84
person 0.4868 408 183 522 315
person 0.4476 619 180 639 302
person 0.4312 476 0 531 65
person 0.4295 155 26 200 84
person 0.3994 289 98 360 189
person 0.3957 616 0 639 73
person 0.3941 5 4 48 62
person 0.3865 172 19 226 83
person 0.3809 583 200 639 378
person 0.3647 284 15 363 95
person 0.3560 434 0 487 48
person 0.3398 122 15 218 97
person 0.3340 359 124 505 317
person 0.3207 316 31 384 99
person 0.3116 500 201 539 256
person 0.3108 236 15 327 97
person 0.3077 540 11 618 93
