person 0.8767 33 184 81 254
person 0.8560 295 240 344 316
person 0.8486 246 320 298 370
person 0.8277 78 248 134 307
person 0.8040 55 310 102 371
person 0.7810 112 188 160 242
person 0.7766 0 275 43 333
person 0.7753 182 106 519 540
person 0.7458 272 187 305 239
person 0.7343 15 312 58 373
person 0.7324 153 143 193 224
person 0.7184 228 188 263 247
person 0.6917 308 186 354 251
person 0.6870 31 245 82 292
person 0.6853 259 247 304 309
person 0.6774 113 221 155 278
person 0.6550 0 185 34 247
person 0.6502 42 277 87 331
person 0.6398 212 144 252 211
person 0.6182 308 45 339 93
person 0.6113 272 45 307 95
person 0.5780 232 214 279 284
person 0.5575 283 216 316 265
person 0.5401 68 93 98 153
person 0.5398 290 99 328 150
person 0.5150 395 101 429 143
person 0.5140 75 105 113 174
person 0.5066 353 98 395 153
person 0.4989 343 59 375 106
person 0.4822 24 101 53 148
person 0.4790 362 27 396 73
person 0.4786 433 98 469 140
person 0.4778 260 171 285 211
person 0.4746 403 50 440 108
person 0.4571 0 84 23 130
person 0.4531 173 25 206 67
person 0.4528 287 4 314 42
person 0.4519 343 43 379 89
person 0.4167 226 19 259 63
person 0.4140 50 99 78 151
person 0.4091 0 156 21 192
person 0.4088 587 98 616 134
person 0.4081 344 2 382 48
person 0.4056 610 75 631 118
person 0.3940 385 27 415 73
person 0.3934 0 58 492 345
person 0.3880 315 5 343 40
person 0.3667 22 142 51 184
person 0.3663 193 3 219 40
person 0.3583 9 0 616 189
person 0.3499 241 50 270 89
person 0.3474 221 0 248 28
person 0.3400 347 76 379 120
person 0.3339 197 24 229 67
person 0.3269 2 93 37 146
person 0.3257 109 0 205 136
person 0.3241 32 102 59 135
person 0.3217 221 168 264 229
person 0.3214 79 94 105 137
person 0.3208 286 107 329 211
person 0.3135 91 198 161 290
person 0.3110 213 142 241 186
person 0.3095 614 1 629 27
person 0.3093 325 24 354 62
