person 0.8601 326 153 455 401
person 0.7642 263 213 358 357
person 0.7368 98 232 141 276
person 0.6867 217 213 287 319
person 0.6731 2 198 104 368
person 0.5939 52 217 108 328
person 0.5625 390 156 474 397
person 0.5506 322 178 358 224
person 0.5451 288 193 316 226
person 0.5103 124 228 152 267
person 0.4871 76 222 109 279
person 0.4633 252 219 321 330
person 0.4573 421 360 477 419
person 0.4387 2 385 97 626
person 0.4110 133 219 160 261
person 0.4036 320 181 367 260
person 0.3648 6 366 110 489
person 0.3207 140 216 158 248
person 0.3108 1 301 149 502
person 0.3010 298 183 381 368
