person 0.7822 54 326 123 475
person 0.6891 56 278 72 334
person 0.6124 441 346 479 450
person 0.5863 418 355 433 399
person 0.5765 488 351 501 397
person 0.5549 79 282 92 317
person 0.5280 18 228 620 405
person 0.5271 20 293 41 351
person 0.5216 464 351 480 397
person 0.5048 28 283 40 321
person 0.4788 390 354 403 385
person 0.4761 440 360 454 392
person 0.4713 394 328 407 352
person 0.4708 433 318 445 347
person 0.4604 0 350 22 420
person 0.4547 282 331 297 369
person 0.4494 422 281 434 305
person 0.4480 403 323 417 353
person 0.4374 253 314 264 349
person 0.4189 463 264 481 300
person 0.4176 302 329 326 388
person 0.4144 36 342 66 392
person 0.4121 445 336 465 377
person 0.4106 374 348 390 387
person 0.4041 492 349 510 399
person 0.3856 447 329 460 348
person 0.3826 29 270 38 288
person 0.3771 269 333 285 375
person 0.3769 0 356 27 475
person 0.3659 221 319 236 354
person 0.3657 271 308 281 334
person 0.3614 308 342 336 387
person 0.3567 174 330 191 360
person 0.3470 448 273 463 297
person 0.3436 309 311 320 330
person 0.3426 542 351 557 382
person 0.3426 237 300 247 321
person 0.3411 299 326 315 371
person 0.3404 358 341 383 386
person 0.3372 235 298 247 342
person 0.3337 439 318 450 344
person 0.3312 526 255 536 269
person 0.3283 0 425 29 475
person 0.3258 448 339 472 394
person 0.3241 381 355 399 391
person 0.3231 242 299 252 321
person 0.3163 101 270 113 296
person 0.3123 487 254 497 270
person 0.3097 433 279 444 299
person 0.3093 457 349 475 385
person 0.3083 408 320 422 354
person 0.3026 447 334 463 357
