person 0.6689 169 406 182 434
person 0.6054 91 410 100 433
person 0.5852 15 398 29 433
person 0.5827 106 406 118 435
person 0.5461 186 401 196 429
person 0.5345 126 404 140 437
person 0.5215 68 415 80 433
person 0.4876 122 405 132 437
person 0.4763 133 407 147 435
person 0.4399 223 404 234 428
person 0.3841 4 423 11 434
person 0.3732 43 404 50 421
person 0.3715 111 407 123 434
person 0.3654 231 403 241 429
person 0.3644 201 408 209 423
person 0.3584 9 397 39 437
person 0.3450 198 407 205 423
person 0.3323 145 402 152 416
person 0.3210 136 405 145 424
person 0.3128 85 410 92 420
person 0.3093 220 359 242 420
