person 0.9622 425 9 639 414
person 0.8722 193 15 361 355
person 0.8618 301 95 440 389
person 0.8106 95 54 232 377
person 0.7653 0 57 137 390
person 0.7542 232 0 309 84
person 0.6931 400 102 437 162
person 0.6206 423 67 461 143
person 0.4556 429 64 513 201
person 0.4468 61 161 147 287
person 0.4346 197 113 242 257
person 0.3957 416 74 470 181
person 0.3957 88 134 129 201
person 0.3669 202 94 239 197
person 0.3654 406 109 476 261
person 0.3628 224 0 318 204
person 0.3315 413 163 467 283
person 0.3147 398 100 449 234
person 0.3057 458 118 504 207
