person 0.9163 165 173 201 269
person 0.8943 451 155 495 296
person 0.8491 254 159 319 267
person 0.5402 257 195 265 212
person 0.4686 235 198 242 211
person 0.4371 265 197 272 211
person 0.4296 369 199 376 210
person 0.4218 441 195 449 215
person 0.4211 228 198 235 211
person 0.4085 243 197 251 211
person 0.3934 270 196 276 210
person 0.3778 372 199 380 210
person 0.3750 221 198 228 211
person 0.3732 382 199 390 211
person 0.3697 358 199 366 212
person 0.3638 248 198 256 211
person 0.3560 345 200 352 211
person 0.3532 213 198 220 211
person 0.3449 207 199 213 211
person 0.3416 427 198 434 211
person 0.3285 397 199 405 211
person 0.3263 413 199 420 211
person 0.3211 353 201 361 211
person 0.3181 445 193 452 213
person 0.3120 306 163 323 201
person 0.3059 199 199 206 211
person 0.3054 403 199 410 211
