person 0.8054 364 286 441 371
person 0.7834 75 141 105 222
person 0.7536 55 109 74 144
person 0.7278 407 105 430 160
person 0.6776 0 259 137 372
person 0.6703 440 292 499 371
person 0.6100 108 138 137 191
person 0.6009 302 292 362 373
person 0.5869 356 106 369 142
person 0.4953 109 173 140 221
person 0.4266 105 276 212 374
person 0.4078 321 309 367 366
person 0.4053 424 298 450 351
person 0.3991 330 291 367 340
person 0.3980 163 272 277 350
person 0.3588 253 283 323 373
person 0.3579 303 72 310 85
person 0.3322 222 77 227 87
person 0.3264 213 76 219 87
person 0.3257 272 75 278 86
person 0.3203 405 108 424 142
person 0.3191 279 75 286 86
person 0.3176 315 71 323 85
person 0.3174 287 75 293 86
person 0.3129 110 129 136 161
person 0.3129 206 75 212 87
person 0.3127 80 146 132 217
person 0.3120 306 71 314 84
person 0.3078 250 74 257 86
person 0.3033 413 301 457 372
person 0.3031 243 75 249 86
person 0.3005 198 75 205 87
person 0.3005 264 74 271 86
person 0.3005 191 74 198 86
