person 0.9427 113 47 271 213
person 0.7765 135 344 176 384
person 0.7510 190 318 229 361
person 0.7364 225 317 251 348
person 0.7309 329 265 350 331
person 0.6117 264 295 299 333
person 0.5951 122 346 146 386
person 0.5912 249 294 290 339
person 0.5563 107 355 140 393
person 0.5549 0 407 21 456
person 0.5509 14 391 50 498
person 0.5154 300 268 327 305
person 0.5088 103 369 134 398
person 0.4262 244 303 271 345
person 0.3568 187 314 214 352
person 0.3442 0 399 42 467
person 0.3390 87 362 136 412
person 0.3335 214 313 228 337
person 0.3309 288 270 315 305
person 0.3251 228 301 254 338
person 0.3214 0 490 7 499
person 0.3191 133 345 152 385
person 0.3005 325 266 342 314
