person 0.8771 155 242 206 403
person 0.8133 556 281 618 479
person 0.8021 338 269 382 386
person 0.7881 224 252 261 396
person 0.7761 312 266 347 379
person 0.7363 261 262 313 414
person 0.7184 398 264 437 388
person 0.6662 513 306 559 454
person 0.6458 370 268 399 380
person 0.6063 441 275 478 402
person 0.4540 469 261 498 383
person 0.4405 479 263 509 381
person 0.4363 429 267 454 379
person 0.4136 498 267 530 380
person 0.3684 309 231 553 402
person 0.3664 368 267 392 315
person 0.3655 429 267 446 298
person 0.3593 496 265 509 281
person 0.3544 449 263 463 283
person 0.3428 437 267 454 296
person 0.3397 260 258 289 319
person 0.3392 421 262 433 283
person 0.3372 457 263 472 283
person 0.3339 335 257 451 381
person 0.3208 14 183 32 231
person 0.3184 278 250 360 390
person 0.3138 538 266 568 341
person 0.3041 476 261 493 283
person 0.3007 466 262 481 283
