person 0.8532 334 372 424 476
person 0.8188 308 254 360 335
person 0.8180 443 238 479 337
person 0.8053 402 274 443 333
person 0.7991 283 392 341 477
person 0.7266 52 194 75 243
person 0.7066 0 396 91 478
person 0.6499 97 426 186 476
person 0.6367 233 426 316 476
person 0.6224 0 0 639 412
person 0.5808 182 406 245 476
person 0.5648 327 367 376 468
person 0.5503 429 374 481 417
person 0.5356 418 381 512 479
person 0.5145 249 387 293 437
person 0.4276 186 372 235 426
person 0.4158 146 405 185 438
person 0.3752 514 297 639 475
person 0.3536 183 387 240 449
person 0.3359 137 409 190 463
person 0.3196 353 175 367 197
person 0.3102 236 403 283 445
person 0.3034 272 187 285 204
person 0.3028 405 187 417 205
person 0.3017 464 107 480 131
