person 0.8671 162 517 208 639
person 0.8064 1 538 66 639
person 0.8051 275 545 321 639
person 0.7812 200 485 242 617
person 0.7632 244 486 285 617
person 0.7605 399 475 426 595
person 0.7354 32 485 77 540
person 0.6968 64 464 104 539
person 0.6583 98 516 150 636
person 0.6481 365 477 405 594
person 0.6432 325 524 382 626
person 0.6344 245 432 268 494
person 0.5689 25 422 411 594
person 0.5490 305 505 337 571
person 0.5483 266 428 281 482
person 0.5159 193 430 209 482
person 0.5117 201 470 238 517
person 0.4981 360 415 376 463
person 0.4901 14 479 42 527
person 0.4883 0 484 37 540
person 0.4441 220 426 234 468
person 0.4344 366 452 392 495
person 0.4260 230 428 254 494
person 0.4249 286 425 304 484
person 0.4066 0 440 21 492
person 0.3988 371 407 385 449
person 0.3879 244 488 282 547
person 0.3793 293 529 356 635
person 0.3763 30 464 46 488
person 0.3661 155 624 186 639
person 0.3627 173 527 248 629
person 0.3416 228 426 245 471
person 0.3293 196 472 220 531
person 0.3273 202 478 292 615
person 0.3257 92 462 333 618
person 0.3219 308 508 352 597
person 0.3218 380 407 393 447
person 0.3206 358 480 395 559
person 0.3143 17 465 44 501
person 0.3137 256 430 274 483
person 0.3077 392 408 405 442
