person 0.7912 0 345 53 476
person 0.6659 114 364 157 438
person 0.6129 79 361 114 435
person 0.6124 160 360 190 395
person 0.4259 215 375 230 394
person 0.4221 135 363 155 389
person 0.4027 96 362 115 389
person 0.3967 248 378 262 393
person 0.3948 220 392 246 458
person 0.3824 161 362 193 434
person 0.3513 244 380 266 431
person 0.3436 230 379 247 408
person 0.3435 284 381 306 427
person 0.3243 232 373 247 397
person 0.3214 287 380 301 393
person 0.3151 221 376 236 395
person 0.3125 236 364 248 388
person 0.3054 155 374 173 393
