person 0.6866 173 257 223 416
person 0.6737 110 217 144 274
person 0.6653 537 253 562 283
person 0.6005 582 253 612 284
person 0.5973 3 210 639 369
person 0.5587 422 278 470 352
person 0.5472 233 259 284 383
person 0.5449 403 325 454 424
person 0.5431 376 289 418 355
person 0.5313 4 306 46 421
person 0.5275 290 271 327 318
person 0.5236 553 264 581 308
person 0.5016 575 286 612 325
person 0.4688 423 241 456 284
person 0.4489 484 295 547 424
person 0.4257 149 251 178 307
person 0.4167 552 279 589 320
person 0.4155 205 258 239 383
person 0.4120 537 256 574 305
person 0.4048 591 282 625 324
person 0.3983 98 306 195 425
person 0.3803 15 312 74 410
person 0.3798 312 317 393 415
person 0.3777 247 258 286 305
person 0.3622 335 285 370 325
person 0.3598 567 286 595 324
person 0.3447 401 239 416 259
person 0.3415 561 265 579 287
person 0.3408 323 299 378 368
person 0.3383 20 213 66 269
person 0.3369 212 259 245 335
person 0.3316 557 290 593 343
person 0.3233 391 239 407 257
person 0.3208 461 291 494 347
person 0.3183 420 306 467 375
person 0.3168 285 307 332 371
person 0.3161 301 309 351 368
person 0.3131 536 287 560 322
person 0.3127 538 275 576 320
person 0.3127 513 254 554 307
person 0.3119 396 254 419 285
person 0.3102 39 320 85 401
person 0.3084 586 278 610 316
person 0.3082 76 231 105 271
person 0.3055 221 243 242 276
person 0.3053 586 257 623 303
person 0.3007 359 305 432 421
