person 0.9062 338 378 410 579
person 0.8714 187 410 287 559
person 0.7658 165 409 205 504
person 0.7033 53 401 65 435
person 0.6084 67 409 80 443
person 0.5292 41 407 50 429
person 0.4509 108 401 117 417
person 0.4409 116 400 123 416
person 0.4367 83 408 94 430
person 0.3835 98 404 114 434
person 0.3726 269 406 278 423
person 0.3635 90 401 101 418
person 0.3603 35 408 47 430
person 0.3588 390 406 397 424
person 0.3581 99 401 110 415
person 0.3532 0 409 8 431
person 0.3411 157 412 166 422
person 0.3031 381 406 393 427
