person 0.5692 343 50 371 101
person 0.5341 380 68 421 118
person 0.5235 288 51 317 92
person 0.4892 328 53 367 124
person 0.4423 395 45 420 80
person 0.4208 353 50 373 82
person 0.4049 126 46 155 108
person 0.3942 131 45 167 136
person 0.3779 139 46 157 74
person 0.3746 462 52 484 79
person 0.3541 442 53 464 81
person 0.3339 286 50 322 129
person 0.3338 420 53 487 142
person 0.3284 44 221 81 262
person 0.3278 270 44 296 86
person 0.3273 449 49 474 80
person 0.3134 401 43 418 63
person 0.3129 463 59 495 84
