person 0.6450 594 399 608 425
person 0.6291 545 384 558 409
person 0.5611 379 387 393 425
person 0.5521 477 383 491 406
person 0.5259 449 381 461 405
person 0.4845 517 386 529 407
person 0.4620 473 383 482 405
person 0.4074 159 387 166 405
person 0.3758 233 392 240 405
person 0.3696 444 383 454 407
person 0.3662 227 390 235 404
person 0.3513 383 400 394 425
person 0.3463 540 388 548 408
person 0.3459 311 399 320 413
person 0.3449 392 403 402 424
person 0.3439 20 377 31 402
person 0.3326 523 389 532 407
person 0.3284 196 387 206 408
person 0.3280 369 394 376 411
person 0.3130 409 397 421 415
