person 0.8905 274 267 335 390
person 0.7608 241 272 276 351
person 0.6465 583 266 591 277
person 0.5378 608 319 624 338
person 0.5354 617 311 629 335
person 0.5316 179 253 192 272
person 0.5211 525 319 543 336
person 0.4810 211 271 233 295
person 0.4606 432 251 440 262
person 0.4129 593 267 603 276
person 0.3845 599 266 609 276
person 0.3788 599 318 612 337
person 0.3600 148 267 160 282
person 0.3579 577 268 586 277
person 0.3488 436 323 449 337
person 0.3352 5 311 19 329
person 0.3348 403 238 413 256
person 0.3319 147 269 162 299
person 0.3286 326 336 346 358
person 0.3259 191 266 211 301
person 0.3142 600 264 608 272
person 0.3073 355 327 372 349
person 0.3015 332 344 354 368
