person 0.8767 442 220 477 327
person 0.8377 377 209 444 379
person 0.7653 578 233 594 277
person 0.7359 595 227 613 281
person 0.7104 536 215 579 331
person 0.6316 184 200 210 252
person 0.6113 610 221 627 275
person 0.6079 432 216 456 329
person 0.5954 582 228 605 285
person 0.5132 305 222 322 250
person 0.4915 630 229 639 279
person 0.4307 429 217 449 257
person 0.3344 291 218 322 254
person 0.3339 620 224 637 286
person 0.3169 197 220 222 251
person 0.3165 545 194 619 319
person 0.3099 28 101 383 332
person 0.3043 436 216 454 274
