person 0.6925 39 64 81 113
person 0.6769 87 46 129 107
person 0.6564 272 54 375 170
person 0.6251 178 51 327 212
person 0.6231 71 39 101 106
person 0.5958 31 48 69 106
person 0.5891 520 74 562 184
person 0.5818 350 42 386 104
person 0.5541 382 54 427 129
person 0.5397 0 92 41 165
person 0.5330 0 16 639 135
person 0.5075 426 63 466 116
person 0.4798 99 61 154 195
person 0.4636 146 59 183 108
person 0.4443 556 64 593 118
person 0.4290 519 71 563 120
person 0.4275 463 57 496 106
person 0.4163 479 87 524 182
person 0.3980 0 65 22 127
person 0.3929 479 70 520 115
person 0.3916 609 70 639 114
person 0.3849 576 65 613 118
person 0.3846 558 112 591 191
person 0.3651 85 28 476 487
person 0.3461 498 78 527 118
person 0.3423 554 56 581 90
person 0.3416 329 47 355 97
person 0.3369 96 64 151 123
person 0.3350 36 66 86 193
person 0.3323 36 47 64 81
person 0.3302 456 56 476 87
person 0.3277 473 55 498 89
person 0.3224 120 53 154 103
person 0.3211 83 52 126 184
person 0.3206 438 57 477 106
person 0.3103 318 71 335 90
person 0.3079 56 16 581 265
person 0.3025 593 63 629 119
