person 0.7649 73 194 102 263
person 0.7329 200 188 236 269
person 0.7273 33 202 54 263
person 0.6563 491 209 538 279
person 0.5819 111 193 134 255
person 0.5791 63 200 78 252
person 0.5759 528 171 548 200
person 0.5504 599 177 613 195
person 0.5375 11 197 37 261
person 0.5236 547 165 570 193
person 0.5183 154 193 171 216
person 0.5098 69 196 88 255
person 0.5052 166 194 182 216
person 0.5050 90 199 106 250
person 0.5048 474 212 521 280
person 0.4898 100 195 116 251
person 0.4801 24 200 39 248
person 0.4572 107 189 125 243
person 0.4451 581 178 593 193
person 0.4362 4 195 21 253
person 0.4314 320 175 347 220
person 0.4310 146 192 164 217
person 0.4043 48 197 84 260
person 0.4035 25 201 37 227
person 0.4008 591 178 603 193
person 0.3986 53 198 69 251
person 0.3886 172 191 193 218
person 0.3881 15 203 32 245
person 0.3875 182 189 203 220
person 0.3874 620 178 632 193
person 0.3859 55 199 66 214
person 0.3816 129 190 144 222
person 0.3752 195 192 208 218
person 0.3611 267 194 284 218
person 0.3493 26 199 37 214
person 0.3466 292 185 317 223
person 0.3371 82 197 116 257
person 0.3337 609 176 621 193
person 0.3290 102 195 114 217
person 0.3249 5 218 23 266
person 0.3229 167 188 180 207
person 0.3225 43 200 61 252
person 0.3223 64 197 75 214
person 0.3213 7 194 20 219
person 0.3135 141 193 154 217
person 0.3106 510 211 595 303
person 0.3084 54 202 66 225
person 0.3056 16 202 29 227
person 0.3004 10 182 103 271
person 0.3004 572 178 586 194
