person 0.9231 182 157 252 376
person 0.8567 0 141 103 472
person 0.8453 578 140 616 235
person 0.7762 103 173 206 424
person 0.7429 328 147 406 382
person 0.7062 143 164 178 226
person 0.6720 529 146 557 226
person 0.6520 477 142 515 230
person 0.6208 427 144 459 276
person 0.5719 400 154 443 280
person 0.4992 315 151 344 269
person 0.3846 141 168 168 208
person 0.3567 322 140 348 199
person 0.3434 559 149 583 206
person 0.3426 283 163 306 193
person 0.3375 464 146 499 230
person 0.3332 294 162 316 192
person 0.3329 501 144 526 207
person 0.3204 590 141 624 213
person 0.3114 374 151 428 342
person 0.3013 151 190 203 342
