person 0.8659 455 187 517 366
person 0.7838 574 230 601 298
person 0.7753 503 229 524 297
person 0.7228 535 230 563 301
person 0.7221 167 153 476 413
person 0.6531 606 239 630 302
person 0.6445 248 175 398 390
person 0.6343 399 233 437 315
person 0.5768 51 197 120 320
person 0.5180 0 215 13 280
person 0.4754 12 239 35 293
person 0.4320 173 177 262 376
person 0.3890 194 155 238 247
person 0.3637 91 199 116 255
person 0.3625 403 232 430 280
person 0.3547 416 239 442 303
person 0.3426 4 231 43 316
person 0.3279 79 201 123 280
person 0.3266 0 209 63 366
person 0.3259 616 240 638 306
person 0.3175 452 246 479 299
person 0.3025 140 230 154 272
