person 0.8572 98 210 170 361
person 0.8154 185 247 290 357
person 0.7327 273 184 384 337
person 0.6383 32 210 57 270
person 0.6151 97 213 117 262
person 0.6084 19 6 387 276
person 0.6048 14 210 41 272
person 0.5980 52 209 77 269
person 0.5709 71 209 95 267
person 0.5045 2 215 26 276
person 0.4766 0 221 13 269
person 0.4624 87 209 107 265
person 0.4589 6 27 20 51
person 0.4495 120 221 205 354
person 0.4331 233 200 246 217
person 0.4307 243 182 254 200
person 0.4251 223 201 235 217
person 0.4210 250 205 267 247
person 0.4164 268 202 285 249
person 0.4162 16 27 29 50
person 0.4138 62 30 76 49
person 0.4134 252 187 264 208
person 0.4074 212 203 228 251
person 0.3958 252 182 263 200
person 0.3947 497 186 507 208
person 0.3921 525 195 536 222
person 0.3880 0 27 10 50
person 0.3872 213 199 227 217
person 0.3794 20 120 619 305
person 0.3792 88 209 104 228
person 0.3792 239 205 257 248
person 0.3768 253 129 265 154
person 0.3658 231 175 475 326
person 0.3634 278 201 296 250
person 0.3593 62 209 76 227
person 0.3586 544 195 555 224
person 0.3557 272 184 282 198
person 0.3499 59 29 79 63
person 0.3492 54 211 144 357
person 0.3355 395 187 406 208
person 0.3340 174 88 452 273
person 0.3334 73 210 86 227
person 0.3315 469 197 480 220
person 0.3294 251 200 264 215
person 0.3281 232 206 247 226
person 0.3263 221 205 239 249
person 0.3238 374 184 386 199
person 0.3173 467 202 482 230
person 0.3154 242 201 255 216
person 0.3134 526 195 536 207
person 0.3070 14 201 97 295
person 0.3069 109 39 123 61
person 0.3038 102 43 114 68
person 0.3022 270 188 282 207
