person 0.7789 523 226 543 285
person 0.6727 615 230 635 283
person 0.6458 482 238 489 251
person 0.6423 474 238 479 251
person 0.5804 445 235 452 251
person 0.5479 434 235 441 252
person 0.5436 513 232 525 273
person 0.5276 544 231 561 271
person 0.5182 490 238 498 254
person 0.5113 459 237 464 249
person 0.5005 454 235 461 251
person 0.4708 501 237 508 252
person 0.4580 507 234 515 253
person 0.4149 423 236 432 252
person 0.4105 542 229 568 298
person 0.4022 389 233 397 255
person 0.3142 415 238 423 253
