person 0.8595 32 241 96 376
person 0.7544 446 262 468 317
person 0.7544 313 267 334 320
person 0.7027 242 263 257 306
person 0.6938 427 266 446 312
person 0.6904 220 258 238 304
person 0.6764 278 268 290 296
person 0.6344 133 266 146 302
person 0.5904 333 266 346 301
person 0.5860 484 261 503 303
person 0.5755 98 266 111 302
person 0.5343 383 270 393 293
person 0.5304 404 268 415 290
person 0.5277 494 263 507 299
person 0.5159 324 266 341 312
person 0.5044 148 267 165 301
person 0.5003 393 269 402 293
person 0.4638 139 266 151 300
person 0.4529 356 270 365 292
person 0.4490 112 269 123 294
person 0.4358 380 272 388 292
person 0.4242 477 261 496 305
person 0.4241 187 271 196 291
person 0.4207 152 275 171 303
person 0.4171 119 268 129 294
person 0.4118 105 251 461 311
person 0.4017 167 267 175 285
person 0.3977 410 268 423 290
person 0.3834 591 262 603 288
person 0.3817 0 210 639 346
person 0.3733 16 273 27 295
person 0.3641 544 265 554 285
person 0.3605 417 265 439 312
person 0.3558 534 265 546 285
person 0.3426 207 281 220 300
person 0.3383 527 266 538 285
person 0.3374 231 261 244 303
person 0.3360 585 262 595 287
person 0.3342 599 263 611 287
person 0.3325 147 144 163 159
person 0.3322 58 253 99 352
person 0.3300 195 270 204 289
person 0.3289 235 279 245 303
person 0.3238 249 266 263 301
person 0.3126 211 275 230 306
person 0.3101 302 271 311 288
person 0.3034 619 268 633 291
person 0.3010 556 265 566 283
