person 0.8393 322 164 459 341
person 0.7620 54 106 217 270
person 0.7413 442 148 480 205
person 0.7135 285 171 339 297
person 0.7118 3 171 64 272
person 0.6908 229 170 293 228
person 0.6563 421 174 499 266
person 0.5562 64 48 136 137
person 0.4994 477 180 498 236
person 0.4794 326 160 392 223
person 0.4555 400 174 456 259
person 0.4185 0 164 37 220
person 0.3742 215 153 244 210
person 0.3714 322 160 425 259
person 0.3679 455 178 499 245
person 0.3415 9 161 42 188
person 0.3367 0 176 23 238
person 0.3130 147 129 215 253
person 0.3063 150 205 183 273
