person 0.8752 203 387 276 541
person 0.8467 71 380 146 492
person 0.8316 10 327 58 483
person 0.7921 102 369 166 502
person 0.7457 309 407 409 525
person 0.7407 238 398 329 539
person 0.7302 248 339 261 380
person 0.6636 306 338 320 364
person 0.6487 351 334 366 352
person 0.6486 278 339 290 378
person 0.5407 266 395 335 488
person 0.4999 125 382 197 498
person 0.4950 131 372 156 408
person 0.4451 342 336 356 351
person 0.4278 36 359 103 487
person 0.3833 166 336 176 351
person 0.3590 202 339 212 366
person 0.3442 285 437 425 560
person 0.3291 311 339 327 362
