person 0.9735 8 142 311 416
person 0.9193 363 107 587 422
person 0.8820 13 53 91 162
person 0.8719 196 59 300 183
person 0.8697 310 66 422 190
person 0.7741 159 52 208 168
person 0.7439 377 29 431 115
person 0.7425 380 75 488 217
person 0.7080 69 68 170 175
person 0.6496 557 26 622 107
person 0.5830 0 53 33 121
person 0.5721 576 92 639 199
person 0.5513 283 53 327 131
person 0.5136 318 50 354 129
person 0.5120 66 62 98 108
person 0.5074 606 78 638 152
person 0.4928 87 47 126 108
person 0.4928 1 143 57 304
person 0.4549 223 32 255 64
person 0.4433 463 63 497 115
person 0.4401 188 46 218 103
person 0.4259 531 64 573 112
person 0.4189 8 7 629 135
person 0.4154 467 95 627 419
person 0.3829 140 34 168 74
person 0.3631 349 26 465 113
person 0.3386 533 90 631 332
person 0.3299 260 45 462 179
person 0.3230 147 47 175 90
person 0.3226 63 38 81 60
person 0.3113 521 67 578 147
person 0.3066 574 79 619 142
