person 0.8348 257 156 336 412
person 0.7476 0 281 71 474
person 0.7448 558 270 595 379
person 0.6958 46 274 78 340
person 0.5940 359 267 383 296
person 0.5872 516 277 561 341
person 0.5714 405 270 439 331
person 0.5213 340 264 363 297
person 0.5063 421 272 457 329
person 0.4378 380 269 401 299
person 0.4319 367 264 397 302
person 0.4072 432 274 459 311
person 0.3856 388 274 409 303
person 0.3806 0 276 27 304
person 0.3683 111 274 144 399
person 0.3669 503 282 532 332
person 0.3513 397 273 420 310
person 0.3452 594 266 622 311
