person 0.9231 252 63 553 444
person 0.8741 47 97 110 190
person 0.8536 0 148 209 384
person 0.8432 555 98 606 234
person 0.8304 246 94 310 303
person 0.8072 337 92 389 184
person 0.7804 170 88 222 192
person 0.7393 512 106 549 202
person 0.5448 216 97 244 149
person 0.4966 102 89 623 221
person 0.4946 140 107 172 170
person 0.4699 607 105 638 206
person 0.4620 318 101 349 165
person 0.4471 229 105 264 212
person 0.4377 612 105 638 147
person 0.4372 384 78 469 199
person 0.4122 298 96 327 158
person 0.3914 596 104 615 130
person 0.3887 326 95 369 162
person 0.3484 0 156 66 244
person 0.3326 204 100 221 132
person 0.3194 233 98 263 149
person 0.3128 215 96 257 192
person 0.3060 209 97 235 139
person 0.3007 169 104 183 129
