person 0.7307 187 122 369 368
person 0.7043 35 162 67 193
person 0.6612 65 164 93 192
person 0.6491 359 139 382 186
person 0.6464 498 143 528 185
person 0.6243 163 143 191 187
person 0.6022 141 165 167 191
person 0.5955 107 138 138 184
person 0.5949 189 139 215 183
person 0.5849 340 143 364 181
person 0.5774 377 171 401 190
person 0.5706 88 140 116 185
person 0.5593 386 145 409 179
person 0.5437 98 94 458 400
person 0.5435 13 140 42 186
person 0.5421 518 145 549 184
person 0.5388 198 143 231 185
person 0.5368 469 145 493 186
person 0.5280 218 139 241 183
person 0.5221 347 96 373 131
person 0.5213 407 145 428 176
person 0.5126 434 167 456 192
person 0.5098 109 163 139 193
person 0.5087 133 132 156 169
person 0.5059 454 150 474 190
person 0.4990 68 142 95 179
person 0.4971 560 144 580 179
person 0.4962 406 174 428 191
person 0.4749 599 154 615 186
person 0.4659 37 135 64 168
person 0.4627 33 136 51 166
person 0.4575 32 143 65 184
person 0.4559 49 137 70 166
person 0.4498 579 145 599 181
person 0.4460 0 161 25 194
person 0.4437 604 169 626 192
person 0.4320 532 148 550 176
person 0.4273 0 127 13 176
person 0.4239 148 142 176 181
person 0.4187 342 171 363 189
person 0.4169 427 146 447 175
person 0.4058 616 154 634 185
person 0.3947 549 149 568 176
person 0.3909 539 148 560 178
person 0.3793 352 172 371 189
person 0.3657 143 135 168 169
person 0.3628 628 148 639 172
person 0.3625 493 139 509 162
person 0.3617 458 140 472 162
person 0.3578 0 108 639 238
person 0.3573 491 150 518 187
person 0.3527 627 172 639 191
person 0.3516 374 135 389 167
person 0.3502 213 135 360 213
person 0.3498 609 149 624 171
person 0.3489 36 107 223 187
person 0.3441 253 130 333 278
person 0.3438 602 154 626 187
person 0.3361 335 133 350 154
person 0.3344 181 171 200 188
person 0.3340 441 144 454 162
person 0.3328 371 143 400 184
person 0.3325 237 142 256 182
person 0.3303 437 147 455 175
person 0.3272 44 143 78 183
person 0.3247 475 143 492 163
person 0.3227 589 145 605 175
person 0.3221 458 146 472 175
person 0.3220 418 146 437 176
person 0.3197 173 169 195 190
person 0.3155 511 142 534 180
person 0.3146 3 127 23 158
person 0.3108 484 145 502 178
person 0.3090 11 136 34 169
person 0.3066 398 142 422 181
person 0.3058 165 133 179 153
person 0.3057 488 142 501 162
person 0.3039 521 148 541 174
person 0.3034 0 137 21 187
