person 0.6479 534 145 546 176
person 0.5812 479 144 492 161
person 0.5692 421 153 432 167
person 0.5165 543 141 556 178
person 0.4944 485 144 498 162
person 0.4689 405 156 414 168
person 0.4638 449 153 462 166
person 0.4246 460 149 470 159
person 0.4151 441 153 451 166
person 0.4096 451 148 462 160
person 0.3877 411 155 424 167
person 0.3814 467 152 480 165
person 0.3782 469 148 480 160
person 0.3659 458 152 471 165
person 0.3401 283 126 334 175
person 0.3376 431 152 443 166
person 0.3364 249 242 287 285
