person 0.6142 319 250 373 317
person 0.5675 398 249 419 276
person 0.5596 26 226 38 244
person 0.5316 360 236 402 300
person 0.5268 215 233 227 252
person 0.5218 392 237 406 253
person 0.4982 386 238 422 297
person 0.4905 35 225 49 244
person 0.4808 233 237 245 252
person 0.4788 390 242 407 264
person 0.4643 417 255 438 288
person 0.4616 405 242 440 298
person 0.4578 15 226 30 245
person 0.4519 419 252 435 273
person 0.4509 400 243 417 264
person 0.4448 223 228 235 243
person 0.4279 332 240 353 266
person 0.4074 344 242 359 263
person 0.4016 23 229 40 256
person 0.4011 356 239 384 267
person 0.3961 388 247 411 276
person 0.3953 222 234 236 251
person 0.3942 383 243 399 262
person 0.3888 374 237 388 252
person 0.3837 349 230 427 317
person 0.3702 402 238 415 252
person 0.3690 40 231 59 256
person 0.3630 370 240 391 266
person 0.3591 311 319 392 445
person 0.3529 303 208 410 286
person 0.3514 345 244 390 319
person 0.3467 14 230 32 256
person 0.3396 324 240 345 267
person 0.3334 405 247 428 278
person 0.3290 422 242 449 297
person 0.3037 41 225 57 245
