person 0.9038 8 250 86 475
person 0.6877 115 252 136 302
person 0.6460 134 254 149 299
person 0.5867 65 256 85 283
person 0.5548 163 252 179 285
person 0.5441 108 255 124 301
person 0.5263 138 252 159 299
person 0.4786 153 253 168 286
person 0.4601 88 258 104 280
person 0.4435 270 235 326 346
person 0.4033 3 264 28 390
person 0.4019 175 255 187 281
person 0.3751 250 242 281 309
person 0.3719 153 249 177 294
person 0.3505 181 255 193 278
person 0.3479 74 276 105 383
person 0.3181 98 256 109 281
person 0.3068 354 232 399 360
