person 0.9211 236 160 387 310
person 0.8410 162 449 215 520
person 0.8038 322 549 379 639
person 0.7501 209 465 268 536
person 0.6674 227 516 268 561
person 0.6043 1 344 53 425
person 0.5328 369 557 413 637
person 0.5319 89 425 134 468
person 0.5225 29 298 99 434
person 0.5195 259 496 293 535
person 0.4844 294 515 338 586
person 0.4230 193 488 221 534
person 0.4155 94 428 161 521
person 0.4089 176 471 223 528
person 0.3427 97 430 146 484
person 0.3233 233 495 290 542
person 0.3064 86 398 122 449
