person 0.7841 309 175 376 268
person 0.7635 0 0 639 120
person 0.7281 159 167 257 305
person 0.6038 314 60 349 87
person 0.5645 254 58 301 94
person 0.5587 192 63 226 103
person 0.5422 123 65 159 108
person 0.5156 346 34 378 81
person 0.5029 89 67 126 108
person 0.4896 222 59 258 97
person 0.4457 32 79 65 114
person 0.4373 0 76 27 116
person 0.4256 381 31 415 79
person 0.4034 413 32 442 72
person 0.4024 47 37 77 79
person 0.4014 447 26 475 70
person 0.3985 350 54 374 81
person 0.3925 309 155 355 216
person 0.3853 181 50 211 102
person 0.3659 370 12 401 67
person 0.3650 56 69 83 107
person 0.3635 188 8 376 95
person 0.3601 531 12 569 61
person 0.3548 299 10 333 56
person 0.3393 293 50 317 86
person 0.3373 341 187 379 260
person 0.3298 586 18 612 60
person 0.3284 331 50 355 82
person 0.3260 23 53 55 98
person 0.3224 319 38 348 75
person 0.3210 563 12 592 56
person 0.3199 572 35 599 63
person 0.3192 525 25 555 67
person 0.3154 12 71 46 114
person 0.3103 545 27 571 66
person 0.3076 261 8 448 94
person 0.3056 463 26 491 69
person 0.3008 167 45 196 102
