person 0.5580 241 288 267 377
person 0.4744 281 348 306 390
person 0.4278 410 305 434 367
person 0.4210 202 268 239 373
person 0.4140 354 258 375 296
person 0.4086 126 268 162 369
person 0.3796 212 263 226 285
person 0.3684 383 255 397 295
person 0.3581 414 308 438 336
person 0.3552 390 247 407 290
person 0.3535 202 264 271 392
person 0.3516 399 245 415 288
person 0.3447 152 267 179 311
person 0.3381 410 246 422 284
person 0.3217 221 261 245 307
person 0.3153 252 294 278 379
person 0.3112 136 279 181 391
person 0.3108 315 271 347 326
person 0.3044 207 261 231 315
person 0.3027 139 264 180 336
