person 0.8970 61 163 252 424
person 0.8458 195 125 309 283
person 0.7949 403 133 541 351
person 0.7737 300 116 365 181
person 0.7736 21 123 108 246
person 0.7247 231 130 324 224
person 0.6952 126 140 187 185
person 0.6763 365 143 418 225
person 0.6307 417 158 460 244
person 0.5975 0 138 31 190
person 0.5793 397 145 471 263
person 0.5420 404 143 448 229
person 0.5238 98 135 133 185
person 0.4889 251 124 301 206
person 0.4620 123 134 149 166
person 0.4537 133 136 214 284
person 0.4088 380 128 421 198
person 0.3887 271 122 366 211
person 0.3531 305 121 410 213
person 0.3413 51 146 127 272
person 0.3413 89 122 175 223
person 0.3080 152 125 262 224
