person 0.9151 71 179 156 369
person 0.8201 157 204 180 270
person 0.6808 292 197 305 230
person 0.6549 239 187 272 279
person 0.6032 416 189 442 252
person 0.6024 247 190 296 283
person 0.4831 327 191 342 223
person 0.4632 399 177 417 237
person 0.4183 407 175 432 243
person 0.4082 231 180 325 259
person 0.3905 199 192 206 206
person 0.3893 60 168 499 267
person 0.3527 477 202 499 361
person 0.3511 321 191 333 222
person 0.3489 461 189 490 258
person 0.3252 360 189 368 205
person 0.3230 481 164 498 222
person 0.3155 406 183 421 229
person 0.3116 392 177 458 257
person 0.3074 366 188 375 210
person 0.3051 437 180 450 212
person 0.3037 334 199 343 223
