person 0.9092 334 133 435 287
person 0.8131 425 66 609 417
person 0.7974 6 0 179 427
person 0.7802 87 132 244 369
person 0.7479 187 147 244 253
person 0.6381 324 162 366 240
person 0.5502 285 162 334 239
person 0.5131 188 146 279 295
person 0.3754 271 159 319 218
person 0.3605 83 156 119 215
person 0.3357 105 134 141 194
person 0.3347 237 152 321 264
person 0.3284 165 150 232 290
person 0.3119 319 139 405 240
person 0.3054 287 161 322 200
person 0.3049 243 170 301 239
person 0.3013 94 162 118 196
