person 0.8749 186 135 328 412
person 0.5897 537 118 570 181
person 0.5303 456 122 491 177
person 0.5094 485 127 520 176
person 0.5075 565 140 595 180
person 0.4590 469 123 494 159
person 0.4395 456 118 476 150
person 0.4142 461 118 487 152
person 0.3947 493 121 529 162
person 0.3765 495 132 533 183
person 0.3486 549 123 592 180
person 0.3430 448 137 485 186
person 0.3381 514 120 555 179
person 0.3289 476 123 493 146
person 0.3224 447 117 468 147
person 0.3186 509 117 534 153
person 0.3071 540 114 565 155
