person 0.8465 104 5 302 270
person 0.7953 368 150 400 287
person 0.7892 488 132 556 305
person 0.7785 7 153 43 282
person 0.7657 392 145 418 294
person 0.7389 230 183 246 214
person 0.7279 432 152 490 284
person 0.6530 250 178 268 218
person 0.6472 122 159 157 282
person 0.6443 182 188 212 256
person 0.4057 622 161 639 287
person 0.3753 79 152 99 173
person 0.3661 128 151 159 220
person 0.3621 267 139 438 298
person 0.3587 0 172 8 206
person 0.3521 134 219 252 380
person 0.3381 610 190 622 207
person 0.3250 618 189 631 208
person 0.3229 601 190 611 206
person 0.3158 338 161 439 276
person 0.3100 578 187 596 213
