person 0.8642 581 200 614 281
person 0.7841 472 223 500 287
person 0.7469 504 222 531 285
person 0.5668 515 198 529 218
person 0.4599 23 207 40 247
person 0.4368 24 208 38 229
person 0.4166 532 196 545 216
person 0.4058 365 162 405 208
person 0.3822 559 213 578 261
person 0.3698 514 201 531 230
person 0.3684 0 206 8 228
person 0.3670 294 181 327 226
person 0.3565 524 198 539 216
person 0.3538 36 211 47 242
person 0.3410 480 215 510 277
person 0.3330 570 210 586 262
person 0.3290 364 178 397 216
