person 0.9096 120 94 194 211
person 0.9042 399 188 638 443
person 0.8969 600 125 619 180
person 0.8657 412 128 436 173
person 0.7985 460 133 478 174
person 0.5878 499 119 508 131
person 0.5274 486 120 496 132
person 0.4990 592 82 600 96
person 0.4442 63 129 76 158
person 0.4086 71 128 86 158
person 0.4085 580 80 589 96
person 0.4077 517 118 528 131
person 0.3846 524 117 535 130
person 0.3834 556 82 566 94
person 0.3765 58 131 68 158
person 0.3762 83 131 97 158
person 0.3450 485 121 495 142
person 0.3363 518 80 527 93
person 0.3327 466 117 475 131
person 0.3261 483 121 492 132
person 0.3229 510 75 519 85
person 0.3202 508 78 518 93
person 0.3153 66 110 99 163
person 0.3126 489 79 497 92
