person 0.7890 384 314 437 399
person 0.7140 234 335 244 359
person 0.6975 129 331 142 367
person 0.6878 263 337 272 358
person 0.6687 244 335 255 360
person 0.6564 281 337 291 360
person 0.6371 88 332 103 368
person 0.6054 301 337 311 359
person 0.5400 251 336 262 360
person 0.4922 274 337 284 360
person 0.4844 217 337 226 358
person 0.4840 309 337 319 360
person 0.4835 289 337 300 359
person 0.4805 224 337 235 358
person 0.4691 517 334 526 350
person 0.4555 18 332 33 371
person 0.4524 375 336 386 358
person 0.4420 187 338 196 356
person 0.4299 527 335 535 349
person 0.4257 507 334 517 349
person 0.4172 178 337 187 356
person 0.4119 207 338 216 357
person 0.3909 449 337 459 356
person 0.3811 151 333 159 352
person 0.3584 489 337 502 358
person 0.3549 494 338 509 358
person 0.3286 281 313 434 397
person 0.3247 159 335 169 360
person 0.3223 441 338 452 356
person 0.3136 83 334 97 366
person 0.3122 496 334 510 349
