person 0.9247 178 39 464 401
person 0.8096 181 21 239 91
person 0.7811 586 22 637 82
person 0.7308 267 56 316 123
person 0.6869 0 49 48 141
person 0.5920 264 24 313 75
person 0.5302 253 8 296 59
person 0.5076 0 50 54 244
person 0.4984 231 0 266 44
person 0.4858 373 29 411 81
person 0.4683 0 12 50 92
person 0.4562 421 7 470 67
person 0.4409 178 0 215 40
person 0.4260 138 0 173 38
person 0.4206 192 5 242 64
person 0.4061 582 85 639 209
person 0.4020 395 15 472 179
person 0.3863 160 5 195 64
person 0.3717 396 13 450 94
person 0.3642 0 3 26 54
person 0.3586 86 16 169 108
person 0.3562 71 10 135 96
person 0.3446 430 18 508 182
person 0.3411 219 0 253 45
person 0.3231 89 5 150 65
person 0.3065 491 0 541 64
person 0.3009 373 31 430 111
