person 0.7444 202 95 220 145
person 0.5872 0 92 499 201
person 0.5632 356 129 368 157
person 0.4904 43 117 51 136
person 0.4618 67 118 74 136
person 0.4593 372 125 395 167
person 0.4582 74 119 80 135
person 0.4549 103 123 109 133
person 0.4242 29 121 36 136
person 0.4005 96 124 102 134
person 0.3920 79 122 84 133
person 0.3896 109 124 115 133
person 0.3858 146 122 153 136
person 0.3820 174 121 184 141
person 0.3559 36 118 44 135
person 0.3512 130 121 140 138
person 0.3497 134 118 146 142
person 0.3443 351 130 363 155
person 0.3364 153 121 161 134
person 0.3332 167 111 174 133
person 0.3314 427 123 433 134
person 0.3313 70 114 79 135
person 0.3297 189 107 203 133
person 0.3251 80 100 361 161
person 0.3248 124 122 135 137
person 0.3159 232 118 240 139
person 0.3129 51 121 58 133
person 0.3086 58 122 64 134
