person 0.8602 58 170 135 396
person 0.7906 397 151 442 246
person 0.7412 112 123 133 177
person 0.7340 0 212 60 430
person 0.7198 136 122 156 180
person 0.6762 156 178 207 216
person 0.6703 254 117 278 147
person 0.6545 180 119 204 185
person 0.6216 194 113 210 171
person 0.6176 453 197 496 268
person 0.5998 174 121 194 180
person 0.5938 567 204 631 291
person 0.5917 509 204 558 289
person 0.4686 437 211 489 294
person 0.3143 229 113 248 147
person 0.3137 198 151 371 340
person 0.3130 250 119 269 142
