person 0.8989 135 319 187 401
person 0.8820 571 324 637 479
person 0.8393 394 317 446 457
person 0.7096 104 313 118 342
person 0.6573 38 313 49 339
person 0.6413 187 311 194 332
person 0.6325 197 311 206 335
person 0.6049 210 311 218 334
person 0.4846 555 323 565 352
person 0.4832 167 313 174 329
person 0.4478 151 312 159 330
person 0.4245 121 317 134 336
person 0.4165 140 320 148 337
person 0.3889 575 324 585 349
person 0.3868 122 308 133 330
person 0.3414 487 321 494 338
person 0.3357 42 312 55 340
person 0.3301 17 312 26 328
person 0.3291 616 325 630 354
person 0.3176 544 328 552 353
person 0.3164 469 324 475 339
person 0.3109 462 324 469 337
