person 0.9238 245 175 334 278
person 0.8233 369 186 406 248
person 0.8054 197 157 226 222
person 0.7458 335 177 367 233
person 0.7290 552 167 581 249
person 0.7167 168 150 178 177
person 0.5771 618 174 636 210
person 0.5684 489 149 500 177
person 0.5571 552 132 563 157
person 0.5425 94 139 102 152
person 0.5377 435 152 452 192
person 0.5191 86 139 93 152
person 0.5154 413 155 423 186
person 0.5016 527 143 539 168
person 0.4971 504 154 520 191
person 0.4768 459 143 474 182
person 0.4713 230 157 246 194
person 0.4684 466 143 484 183
person 0.4618 620 184 639 267
person 0.4561 348 159 359 186
person 0.4392 532 142 545 167
person 0.4334 121 146 129 159
person 0.4131 143 148 150 159
person 0.4102 272 157 282 173
person 0.3967 363 156 379 191
person 0.3900 497 148 509 176
person 0.3873 101 139 110 152
person 0.3770 453 143 479 195
person 0.3747 512 154 529 193
person 0.3713 474 147 490 180
person 0.3677 189 154 197 169
person 0.3636 507 146 518 163
person 0.3632 571 158 582 186
person 0.3571 628 207 639 270
person 0.3444 288 157 300 173
person 0.3298 196 153 205 170
person 0.3259 630 129 638 142
person 0.3189 128 142 282 209
person 0.3117 505 149 518 176
person 0.3073 34 105 639 249
person 0.3031 269 144 446 214
