person 0.8201 496 10 613 218
person 0.8021 69 0 172 167
person 0.7330 345 100 456 297
person 0.7068 4 3 80 221
person 0.7039 97 102 239 355
person 0.6736 196 105 300 272
person 0.6482 269 114 387 343
person 0.5474 382 0 429 71
person 0.4606 257 0 325 67
person 0.4528 154 3 191 64
person 0.4411 96 3 182 105
person 0.3818 349 0 389 50
person 0.3545 185 0 245 69
person 0.3351 221 64 482 407
person 0.3282 0 0 65 117
person 0.3183 277 103 380 235
person 0.3111 83 113 191 276
person 0.3002 193 5 304 75
