person 0.9279 284 82 339 166
person 0.9032 340 110 397 169
person 0.8812 115 72 173 167
person 0.8670 168 66 231 167
person 0.8478 397 120 460 173
person 0.8220 122 23 178 108
person 0.8047 233 150 387 474
person 0.7762 290 35 344 122
person 0.7725 174 26 231 100
person 0.7691 52 0 111 88
person 0.7635 455 131 515 178
person 0.7610 236 67 294 166
person 0.7323 246 28 296 110
person 0.7269 0 74 51 159
person 0.7183 459 58 522 153
person 0.7116 499 0 554 92
person 0.7095 395 3 442 90
person 0.6781 445 0 498 90
person 0.6484 336 0 391 86
person 0.6212 416 72 460 142
person 0.5907 279 0 334 58
person 0.5571 52 61 124 153
person 0.4868 0 1 443 174
person 0.4850 514 53 566 120
person 0.4568 179 4 316 116
person 0.4428 223 0 279 55
person 0.4303 113 0 171 60
person 0.4236 307 8 412 108
person 0.4094 108 13 238 107
person 0.4072 206 39 286 154
person 0.3996 125 43 218 144
person 0.3960 0 0 56 57
person 0.3938 391 11 481 105
person 0.3928 89 40 172 150
person 0.3853 235 33 332 156
person 0.3309 312 45 403 148
person 0.3260 346 44 445 145
person 0.3157 167 0 225 57
person 0.3056 390 44 477 146
person 0.3016 270 39 369 151
