person 0.8718 383 66 457 191
person 0.8536 75 148 200 408
person 0.8411 0 156 127 425
person 0.8252 227 121 289 209
person 0.8156 448 176 537 344
person 0.8105 451 104 552 271
person 0.7832 234 31 280 105
person 0.7812 383 122 453 255
person 0.7801 478 140 639 415
person 0.7764 138 103 219 271
person 0.7737 366 73 406 173
person 0.7672 296 64 357 130
person 0.7569 217 77 281 174
person 0.7051 181 134 242 233
person 0.5638 381 24 413 88
person 0.4927 355 32 385 102
person 0.4686 369 29 407 105
person 0.4463 369 41 431 177
person 0.3863 261 85 297 121
person 0.3495 263 87 311 138
person 0.3429 238 33 316 170
person 0.3298 193 52 306 232
person 0.3070 354 69 390 149
person 0.3014 311 34 398 161
