person 0.5682 158 215 169 229
person 0.4866 167 216 178 229
person 0.4800 185 217 198 230
person 0.4425 271 216 282 229
person 0.4139 234 217 245 230
person 0.4010 147 214 162 230
person 0.3931 121 213 135 231
person 0.3912 253 218 264 229
person 0.3818 310 217 319 229
person 0.3774 326 214 338 229
person 0.3627 177 217 191 230
person 0.3593 128 216 141 230
person 0.3565 459 215 468 227
person 0.3497 232 222 245 238
person 0.3410 320 214 331 230
person 0.3212 243 218 254 229
person 0.3193 261 217 273 229
person 0.3092 224 217 236 230
person 0.3051 197 217 207 229
