person 0.9472 305 268 364 352
person 0.9303 105 253 163 334
person 0.9255 381 155 412 226
person 0.8782 528 174 567 236
person 0.8526 351 137 370 189
person 0.5704 0 3 639 127
person 0.5044 458 103 479 130
person 0.4668 6 151 21 171
person 0.4490 24 157 42 189
person 0.4436 75 163 98 204
person 0.4095 68 34 89 64
person 0.4071 550 74 568 95
person 0.4071 450 45 465 71
person 0.4009 597 57 612 79
person 0.4008 381 146 397 178
person 0.3945 0 161 22 208
person 0.3857 17 155 33 188
person 0.3847 251 52 265 84
person 0.3824 35 152 49 170
person 0.3774 79 64 93 83
person 0.3724 3 153 21 185
person 0.3709 33 155 52 188
person 0.3689 18 150 31 171
person 0.3679 22 73 40 92
person 0.3622 382 66 396 90
person 0.3599 446 75 463 92
person 0.3568 164 62 179 88
person 0.3543 335 67 350 88
person 0.3531 439 46 450 69
person 0.3472 421 74 435 92
person 0.3401 626 76 639 96
person 0.3397 27 153 40 169
person 0.3385 54 53 69 82
person 0.3347 551 48 565 71
person 0.3330 506 36 521 59
person 0.3308 0 67 14 86
person 0.3304 54 66 69 88
person 0.3285 432 66 448 91
person 0.3264 477 76 492 93
person 0.3264 1 0 627 357
person 0.3227 335 57 351 77
person 0.3185 93 57 107 79
person 0.3176 465 43 482 67
person 0.3122 365 57 381 76
person 0.3089 610 54 625 79
person 0.3080 527 35 541 59
person 0.3079 12 89 29 115
person 0.3042 288 65 302 84
person 0.3029 505 66 519 89
person 0.3020 525 56 541 79
person 0.3019 34 68 50 88
