person 0.5742 384 308 438 369
person 0.5451 375 265 383 279
person 0.5237 370 264 377 280
person 0.5006 496 271 505 288
person 0.4940 414 266 423 278
person 0.4919 385 266 392 278
person 0.4186 455 266 460 277
person 0.3868 462 267 472 279
person 0.3821 509 270 515 278
person 0.3797 407 310 435 345
person 0.3741 394 268 401 278
person 0.3580 539 273 547 284
person 0.3530 517 271 524 279
person 0.3436 467 268 478 279
person 0.3364 544 273 552 284
person 0.3353 581 266 591 281
person 0.3346 582 272 591 284
person 0.3278 419 268 432 278
person 0.3216 162 284 263 369
