person 0.8894 141 266 174 349
person 0.8554 119 274 145 348
person 0.8073 593 277 618 328
person 0.7777 528 276 559 316
person 0.7098 561 271 583 317
person 0.6790 107 295 120 330
person 0.6390 181 289 195 318
person 0.5397 475 261 488 302
person 0.5366 453 259 465 302
person 0.3998 447 285 463 317
person 0.3754 464 259 485 312
person 0.3661 391 269 404 293
person 0.3610 436 284 457 318
person 0.3493 85 263 95 285
person 0.3479 389 270 397 292
person 0.3476 440 280 454 303
person 0.3253 429 284 445 315
