person 0.7816 245 271 304 444
person 0.7717 94 275 146 422
person 0.7670 1 275 56 419
person 0.7529 356 262 426 479
person 0.7392 554 280 634 473
person 0.7036 178 250 242 479
person 0.6693 498 269 533 377
person 0.6484 447 272 488 389
person 0.6322 39 265 67 318
person 0.5881 205 256 349 437
person 0.5866 306 251 478 454
person 0.5762 528 276 572 412
person 0.5585 299 263 324 341
person 0.5572 337 262 364 356
person 0.5435 421 275 452 367
person 0.5200 130 262 279 450
person 0.4926 191 239 603 398
person 0.4838 231 267 266 409
person 0.4683 344 270 378 377
person 0.4650 483 268 506 344
person 0.4624 4 264 25 298
person 0.4583 271 275 309 412
person 0.4520 0 263 11 300
person 0.4180 521 265 550 339
person 0.4155 409 275 435 341
person 0.4064 12 261 31 281
person 0.4054 316 269 331 315
person 0.3915 48 237 512 457
person 0.3847 6 262 23 281
person 0.3830 31 276 66 403
person 0.3797 496 272 510 291
person 0.3746 269 272 365 422
person 0.3509 630 268 639 295
person 0.3499 613 260 639 388
person 0.3379 476 269 492 295
person 0.3374 378 249 560 441
person 0.3346 56 273 134 427
person 0.3315 465 268 548 421
person 0.3292 537 270 568 339
person 0.3267 475 267 497 334
person 0.3260 470 270 481 292
person 0.3243 189 261 301 379
person 0.3237 57 257 199 445
person 0.3229 423 267 516 422
person 0.3223 439 272 453 294
person 0.3165 515 261 558 392
person 0.3136 448 271 461 293
person 0.3131 600 256 634 325
person 0.3115 550 270 567 293
person 0.3080 288 264 427 371
person 0.3070 410 271 425 293
person 0.3064 528 270 555 313
person 0.3049 0 272 19 375
