person 0.9467 518 97 598 302
person 0.9337 407 40 521 367
person 0.9258 289 151 346 240
person 0.9169 46 41 264 456
person 0.8277 252 165 303 234
person 0.7734 367 140 380 174
person 0.7331 351 143 365 177
person 0.7033 329 141 349 198
person 0.6337 27 175 95 445
person 0.6164 221 140 242 190
person 0.5570 243 131 264 198
person 0.5479 290 144 304 174
person 0.5358 79 138 92 163
person 0.5164 392 137 402 166
person 0.4897 28 183 71 368
person 0.4864 274 143 285 167
person 0.4775 51 145 70 174
person 0.3808 32 146 47 170
person 0.3561 111 127 601 187
person 0.3556 63 154 79 173
person 0.3527 73 140 91 172
person 0.3263 206 141 222 173
person 0.3196 356 139 377 181
person 0.3129 40 113 607 271
