person 0.9047 200 194 264 293
person 0.8988 262 193 330 291
person 0.8817 137 188 209 295
person 0.8709 326 192 386 288
person 0.8605 109 127 147 272
person 0.8507 382 193 454 288
person 0.8306 66 197 135 297
person 0.8144 1 128 48 284
person 0.7983 39 128 83 281
person 0.7926 427 131 477 275
person 0.7792 1 88 49 164
person 0.7466 393 125 435 220
person 0.7446 352 126 401 238
person 0.7220 58 30 113 118
person 0.7044 304 24 366 112
person 0.7035 112 29 165 114
person 0.6902 39 48 351 252
person 0.6783 142 125 186 239
person 0.6748 43 78 94 155
person 0.6540 257 17 314 107
person 0.6464 350 24 394 119
person 0.6347 223 68 279 156
person 0.6310 181 118 223 230
person 0.6262 320 80 364 156
person 0.6238 393 32 437 113
person 0.6219 96 82 144 155
person 0.6194 396 81 451 160
person 0.6090 70 132 112 238
person 0.6016 363 85 407 154
person 0.5985 276 75 325 147
person 0.5976 208 122 255 227
person 0.5930 247 121 293 230
person 0.5876 144 80 190 156
person 0.5801 161 26 211 109
person 0.5684 320 126 362 221
person 0.5534 185 80 230 150
person 0.5340 204 20 259 111
person 0.5316 193 53 488 251
person 0.5295 454 82 495 264
person 0.5269 370 131 420 229
person 0.5106 285 120 327 226
person 0.4648 439 87 492 168
person 0.3451 111 0 446 194
person 0.3030 370 40 422 135
