person 0.7794 319 129 384 188
person 0.7201 329 345 360 377
person 0.7032 210 80 253 142
person 0.6984 304 343 325 377
person 0.6587 379 347 404 369
person 0.6482 194 378 224 410
person 0.6206 284 345 310 375
person 0.6203 404 348 432 373
person 0.5139 126 335 149 363
person 0.4913 226 360 238 370
person 0.4899 215 390 241 422
person 0.4724 143 352 163 380
person 0.4678 171 365 197 393
person 0.4543 113 336 138 362
person 0.4268 345 346 361 373
person 0.4217 23 336 464 390
person 0.4206 204 381 233 414
person 0.4153 178 372 200 397
person 0.4086 419 348 435 371
person 0.3814 192 377 213 400
person 0.3775 172 348 213 394
person 0.3732 149 348 164 368
person 0.3421 384 344 424 374
person 0.3402 169 356 196 383
person 0.3392 175 342 212 373
person 0.3335 137 358 156 379
person 0.3267 168 365 183 382
person 0.3199 103 333 117 347
person 0.3178 58 317 83 341
person 0.3169 118 335 157 373
person 0.3102 199 377 221 398
person 0.3074 155 349 167 366
person 0.3055 361 352 375 370
