person 0.7651 99 202 120 284
person 0.6125 28 211 52 244
person 0.5541 0 211 17 245
person 0.5278 43 208 62 241
person 0.4882 56 209 82 270
person 0.4255 479 213 493 232
person 0.3991 92 208 104 240
person 0.3803 43 207 58 228
person 0.3800 427 196 445 237
person 0.3761 60 206 80 245
person 0.3676 213 182 256 231
person 0.3663 62 208 95 303
person 0.3466 459 210 475 236
person 0.3377 487 206 499 229
person 0.3337 66 207 91 244
person 0.3090 100 207 119 244
person 0.3088 466 202 483 232
person 0.3051 28 209 61 265
