person 0.9392 92 153 400 637
person 0.8920 7 107 77 380
person 0.6991 333 23 375 69
person 0.6546 202 24 246 65
person 0.6465 244 24 277 68
person 0.5984 286 155 427 383
person 0.5765 0 26 36 69
person 0.5740 166 22 205 65
person 0.5434 368 32 413 130
person 0.5180 370 26 412 71
person 0.4751 264 24 302 68
person 0.4713 49 28 99 72
person 0.4336 349 24 391 68
person 0.4240 183 22 222 64
person 0.4231 318 20 356 68
person 0.4121 26 26 50 56
person 0.4105 91 29 129 68
person 0.3589 148 35 175 65
person 0.3437 36 0 378 120
person 0.3370 376 0 400 28
person 0.3249 315 6 352 52
person 0.3248 245 0 267 28
person 0.3077 302 7 337 51
