person 0.7762 466 161 577 444
person 0.7524 153 172 173 230
person 0.7487 203 168 241 273
person 0.6435 334 168 365 262
person 0.6322 554 173 587 254
person 0.6241 179 169 200 225
person 0.5957 416 166 441 245
person 0.5897 453 166 482 263
person 0.5015 30 160 61 247
person 0.4736 378 166 398 239
person 0.4670 170 173 194 231
person 0.4253 426 166 449 243
person 0.4032 0 216 11 290
person 0.4025 357 165 379 240
person 0.3376 542 167 563 219
person 0.3254 312 162 337 233
person 0.3146 34 212 64 259
person 0.3133 302 166 327 239
person 0.3106 412 175 430 237
person 0.3097 200 164 285 278
person 0.3044 391 167 414 238
