person 0.5234 578 169 612 224
person 0.5014 126 23 156 66
person 0.4986 123 65 150 100
person 0.4645 145 110 160 134
person 0.4304 109 122 128 141
person 0.4239 144 65 159 100
person 0.3804 108 105 130 138
person 0.3757 137 106 157 137
person 0.3672 111 103 128 123
person 0.3670 122 101 155 139
person 0.3582 126 102 143 118
person 0.3482 134 122 156 140
person 0.3300 110 58 126 93
person 0.3300 116 102 134 120
person 0.3253 140 102 155 122
person 0.3173 121 19 136 38
person 0.3156 99 18 114 58
person 0.3138 568 166 592 218
person 0.3107 124 69 157 119
person 0.3086 126 121 145 140
person 0.3009 117 20 136 53
