person 0.6947 43 218 78 279
person 0.6946 348 229 373 263
person 0.6333 368 224 391 271
person 0.6192 3 214 27 260
person 0.5788 12 217 37 263
person 0.5688 283 207 304 268
person 0.5485 554 226 584 264
person 0.5245 358 225 382 267
person 0.4498 31 218 60 273
person 0.4380 596 221 614 255
person 0.4264 444 243 462 267
person 0.4193 542 230 556 248
person 0.4146 402 227 414 247
person 0.3834 0 241 23 392
person 0.3763 22 223 45 266
person 0.3592 30 221 51 255
person 0.3584 52 180 84 262
person 0.3320 418 226 434 250
person 0.3122 325 232 385 358
person 0.3056 42 222 57 248
person 0.3024 431 236 443 255
