person 0.9417 90 320 271 639
person 0.8820 57 427 118 538
person 0.8055 16 46 399 518
person 0.7949 21 424 51 453
person 0.7398 2 376 38 420
person 0.7191 62 380 95 424
person 0.6749 346 425 387 470
person 0.6636 0 420 24 453
person 0.5760 247 421 276 462
person 0.5446 258 377 294 423
person 0.5266 37 379 65 421
person 0.5245 269 418 329 526
person 0.4914 229 379 257 428
person 0.4785 234 233 262 266
person 0.4599 50 318 84 371
person 0.4560 76 316 105 371
person 0.4549 215 427 246 461
person 0.4402 393 425 422 462
person 0.4395 124 303 155 350
person 0.4382 295 405 324 432
person 0.4379 93 379 122 423
person 0.4373 296 313 331 373
person 0.4320 360 349 391 390
person 0.4195 13 301 41 342
person 0.4143 402 439 424 465
person 0.3918 316 365 348 404
person 0.3854 0 358 21 401
person 0.3752 336 331 366 371
person 0.3707 248 285 277 336
person 0.3651 334 192 358 225
person 0.3629 205 386 234 429
person 0.3609 112 378 141 421
person 0.3599 63 285 91 323
person 0.3593 189 321 225 366
person 0.3504 282 299 305 332
person 0.3473 98 308 124 341
person 0.3466 99 327 127 373
person 0.3448 230 285 261 333
person 0.3437 265 305 294 349
person 0.3429 25 376 55 420
person 0.3398 37 289 63 331
person 0.3347 184 268 215 313
person 0.3321 332 308 362 349
person 0.3321 359 305 386 346
person 0.3289 0 324 30 371
person 0.3273 58 245 89 295
person 0.3272 393 426 414 446
person 0.3250 356 330 377 357
person 0.3197 376 402 403 441
person 0.3195 258 280 284 313
person 0.3183 44 301 383 570
person 0.3134 118 213 145 265
person 0.3113 401 359 425 411
person 0.3112 168 310 198 349
person 0.3034 261 420 303 467
person 0.3031 286 279 306 310
person 0.3027 298 241 324 272
person 0.3011 266 344 298 380
person 0.3010 368 399 392 424
person 0.3005 121 356 141 384
