person 0.7482 44 238 87 296
person 0.6976 201 195 230 269
person 0.6320 4 242 47 300
person 0.6149 2 193 28 259
person 0.5791 255 189 280 270
person 0.5558 165 210 182 254
person 0.5014 133 194 156 227
person 0.4991 200 190 220 236
person 0.4819 75 212 99 277
person 0.4739 216 210 240 268
person 0.4384 127 196 146 227
person 0.4162 86 212 106 271
person 0.3910 29 201 59 254
person 0.3899 111 212 124 229
person 0.3687 84 188 95 204
person 0.3504 64 200 75 225
person 0.3370 12 206 93 296
person 0.3244 65 196 74 212
person 0.3241 257 181 278 229
person 0.3122 26 194 38 214
person 0.3065 44 194 57 212
person 0.3008 252 209 267 254
