person 0.7854 281 304 295 335
person 0.6752 79 313 95 345
person 0.6725 432 304 442 331
person 0.6192 615 310 624 330
person 0.6095 453 301 461 322
person 0.5960 412 305 421 330
person 0.5901 361 305 368 327
person 0.5633 303 305 314 333
person 0.4934 404 307 413 329
person 0.4824 422 308 432 329
person 0.4678 398 307 406 329
person 0.4433 343 314 350 330
person 0.4365 504 300 512 315
person 0.4225 317 309 328 332
person 0.4031 156 292 556 339
person 0.4026 504 286 513 316
person 0.3936 102 315 115 342
person 0.3776 506 283 515 303
person 0.3697 76 315 88 345
person 0.3686 191 311 197 327
person 0.3619 49 318 59 344
person 0.3519 112 308 122 332
person 0.3455 603 291 612 302
person 0.3335 150 310 159 329
person 0.3283 550 286 557 300
person 0.3217 129 312 140 328
person 0.3189 596 287 603 300
person 0.3149 516 284 523 300
