person 0.7964 97 165 145 247
person 0.7853 185 162 232 251
person 0.7759 3 174 49 287
person 0.7601 359 174 388 240
person 0.7043 477 163 499 243
person 0.5924 305 173 356 266
person 0.5542 287 177 319 257
person 0.5103 276 165 304 247
person 0.4243 251 176 263 204
person 0.4225 285 160 312 218
person 0.3879 197 201 227 262
person 0.3516 278 160 338 251
person 0.3488 349 166 368 215
person 0.3475 107 197 139 267
person 0.3383 179 173 192 182
person 0.3333 4 213 36 282
person 0.3242 287 165 308 192
