person 0.8130 4 330 37 406
person 0.5617 450 342 461 359
person 0.5425 536 342 545 357
person 0.5111 111 342 142 401
person 0.4758 508 343 517 356
person 0.4750 93 343 102 356
person 0.4537 562 342 574 356
person 0.4457 479 343 489 357
person 0.4330 498 343 507 355
person 0.4325 582 341 593 356
person 0.4304 385 351 394 363
person 0.4280 441 343 452 358
person 0.4193 526 342 536 356
person 0.4144 620 333 630 350
person 0.4138 555 342 565 355
person 0.4068 630 332 639 349
person 0.4051 516 343 527 356
person 0.4048 600 342 612 355
person 0.4022 488 343 498 357
person 0.3966 197 350 207 364
person 0.3956 394 350 404 363
person 0.3882 591 342 602 355
person 0.3848 619 340 630 355
person 0.3843 395 345 404 358
person 0.3841 413 344 422 358
person 0.3837 470 343 480 358
person 0.3779 572 342 584 355
person 0.3764 461 343 470 358
person 0.3751 216 350 225 363
person 0.3738 404 345 414 358
person 0.3731 124 344 144 391
person 0.3635 216 344 224 358
person 0.3630 207 345 215 358
person 0.3583 423 345 432 357
person 0.3534 120 341 136 379
person 0.3511 0 339 8 360
person 0.3501 121 342 132 358
person 0.3493 477 350 490 364
person 0.3452 75 344 84 356
person 0.3441 84 344 93 355
person 0.3406 367 350 376 364
person 0.3404 431 344 441 358
person 0.3325 178 344 187 356
person 0.3300 430 349 441 364
person 0.3292 131 342 142 359
person 0.3287 121 327 159 391
person 0.3281 375 351 385 363
person 0.3276 224 349 234 364
person 0.3272 103 344 113 356
person 0.3124 275 326 436 400
person 0.3109 206 349 216 364
person 0.3065 412 349 422 363
person 0.3053 66 342 76 359
person 0.3040 188 352 198 364
