person 0.8617 81 0 236 233
person 0.7196 15 0 82 239
person 0.5217 219 73 236 102
person 0.5001 195 60 211 92
person 0.4860 79 9 99 36
person 0.4743 87 42 108 75
person 0.4650 0 28 13 67
person 0.4482 233 9 249 36
person 0.4410 21 32 39 67
person 0.4220 183 9 199 34
person 0.4162 252 51 267 84
person 0.4119 210 49 229 84
person 0.3947 34 2 285 91
person 0.3909 61 60 81 92
person 0.3794 236 28 247 45
person 0.3792 186 46 201 71
person 0.3767 4 14 23 46
person 0.3647 213 16 229 45
person 0.3525 251 37 266 64
person 0.3434 201 70 217 103
person 0.3423 173 9 192 35
person 0.3368 165 7 183 35
person 0.3296 216 13 229 32
person 0.3189 22 10 40 48
person 0.3135 14 40 35 76
person 0.3124 65 13 103 75
person 0.3110 68 53 88 81
person 0.3108 232 78 249 114
person 0.3093 192 46 208 71
person 0.3033 82 27 122 94
person 0.3018 174 26 191 51
