person 0.9426 95 75 261 478
person 0.7141 82 0 140 95
person 0.6659 29 184 92 242
person 0.6289 202 7 268 81
person 0.5408 0 179 36 243
person 0.5287 233 172 269 223
person 0.5275 158 0 215 60
person 0.5205 262 50 319 113
person 0.4959 8 55 63 122
person 0.4841 75 177 112 246
person 0.4726 291 198 327 260
person 0.4372 130 0 169 54
person 0.4365 233 114 291 177
person 0.4147 201 117 245 174
person 0.4101 218 178 248 224
person 0.3783 218 199 273 266
person 0.3691 270 169 311 225
person 0.3324 282 164 328 251
person 0.3324 209 158 281 252
person 0.3190 251 182 294 248
person 0.3055 267 189 297 229
