person 0.8938 275 81 387 285
person 0.8398 440 186 489 325
person 0.7896 271 223 304 298
person 0.7495 2 260 43 336
person 0.7466 483 189 520 292
person 0.6952 75 257 107 309
person 0.6864 108 287 148 335
person 0.6846 407 203 442 277
person 0.6302 38 247 69 297
person 0.6098 148 248 175 310
person 0.6061 108 244 127 284
person 0.5993 546 140 629 365
person 0.5949 520 168 554 240
person 0.5754 11 239 38 292
person 0.5672 506 168 566 318
person 0.5025 161 252 181 298
person 0.4853 481 174 516 230
person 0.4657 513 184 593 370
person 0.4508 147 247 164 284
person 0.4469 484 178 505 217
person 0.4405 256 230 294 298
person 0.4371 554 157 600 244
person 0.4194 122 146 597 357
person 0.3997 137 247 152 281
person 0.3877 99 251 116 282
person 0.3774 470 177 541 323
person 0.3616 149 245 163 266
person 0.3607 126 248 144 280
person 0.3599 88 237 173 333
person 0.3588 502 173 535 238
person 0.3560 124 248 158 307
person 0.3475 0 259 26 305
person 0.3246 50 234 140 334
person 0.3227 19 199 468 374
person 0.3192 0 250 9 278
person 0.3182 245 239 269 270
person 0.3177 529 163 571 242
person 0.3121 103 247 137 303
person 0.3076 497 189 526 229
person 0.3074 405 206 430 250
person 0.3059 17 235 98 332
person 0.3036 394 190 480 313
person 0.3010 489 176 513 205
