person 0.8636 560 83 621 268
person 0.8547 7 199 118 425
person 0.8024 340 209 405 281
person 0.7997 336 108 409 232
person 0.7340 608 92 639 249
person 0.7228 511 92 565 264
person 0.6997 471 92 525 265
person 0.6561 414 84 454 179
person 0.6118 2 0 639 251
person 0.5505 64 17 92 49
person 0.5346 252 97 312 254
person 0.5060 324 208 365 277
person 0.4753 1 135 51 257
person 0.4601 386 79 417 121
person 0.4574 165 99 220 170
person 0.4546 281 100 335 247
person 0.4249 1 122 56 380
person 0.4210 278 80 315 121
person 0.3897 135 11 157 40
person 0.3872 90 14 111 44
person 0.3857 313 103 339 123
person 0.3846 117 12 138 43
person 0.3797 312 102 352 209
person 0.3739 229 101 290 244
person 0.3722 246 99 270 123
person 0.3602 0 87 23 180
person 0.3537 417 86 450 121
person 0.3438 597 22 620 53
person 0.3416 201 30 234 67
person 0.3410 521 23 544 53
person 0.3409 214 39 242 70
person 0.3350 176 42 208 73
person 0.3309 560 36 580 56
person 0.3167 29 17 65 52
person 0.3149 105 13 127 44
person 0.3146 237 102 278 170
person 0.3128 163 27 194 67
person 0.3116 138 25 171 68
person 0.3107 287 106 308 122
person 0.3095 575 27 598 52
person 0.3079 218 81 345 267
person 0.3059 174 14 193 40
person 0.3052 104 18 137 60
person 0.3019 90 19 119 59
person 0.3001 264 89 288 122
