person 0.9215 223 199 351 319
person 0.7103 38 168 102 264
person 0.6811 204 429 223 488
person 0.6741 325 444 343 500
person 0.6609 29 254 143 543
person 0.6593 0 216 101 575
person 0.6129 257 450 279 492
person 0.5779 230 440 248 490
person 0.5711 0 46 29 191
person 0.5678 9 234 374 555
person 0.5669 250 429 265 465
person 0.5532 219 442 238 490
person 0.5192 192 424 211 491
person 0.4875 310 430 327 464
person 0.4860 445 463 460 498
person 0.4714 303 433 323 486
person 0.4522 282 456 306 494
person 0.4120 247 437 263 492
person 0.3966 24 231 78 320
person 0.3748 0 174 49 257
person 0.3699 0 129 29 193
person 0.3609 16 174 91 301
person 0.3560 238 451 256 491
person 0.3193 5 195 69 354
person 0.3182 304 456 320 487
person 0.3026 428 496 448 512
