person 0.9195 77 74 171 245
person 0.7959 432 94 490 182
person 0.7935 319 91 377 172
person 0.7110 509 115 564 194
person 0.6630 383 95 433 165
person 0.6573 274 101 320 171
person 0.6495 186 140 237 241
person 0.6030 20 90 70 175
person 0.5931 220 116 257 175
person 0.5727 28 92 614 260
person 0.5586 172 92 210 168
person 0.5515 382 130 430 200
person 0.5297 473 140 532 279
person 0.5260 228 137 288 247
person 0.5254 307 134 361 180
person 0.5225 134 84 174 148
person 0.5052 238 94 272 145
person 0.4452 0 88 23 172
person 0.4188 433 141 483 196
person 0.4149 478 145 529 201
person 0.4044 0 144 49 306
person 0.3947 429 158 480 265
person 0.3579 378 130 431 276
person 0.3481 355 143 411 272
person 0.3399 250 133 286 177
person 0.3306 69 99 100 159
person 0.3188 33 84 67 137
person 0.3179 46 158 86 222
person 0.3093 234 136 329 293
person 0.3008 157 150 191 227
