person 0.9309 295 77 427 388
person 0.8290 99 126 138 197
person 0.8235 148 122 182 198
person 0.7894 177 130 319 354
person 0.7405 178 119 214 194
person 0.6744 64 129 109 203
person 0.6340 27 130 70 214
person 0.5439 67 103 100 157
person 0.5184 165 105 185 138
person 0.4847 197 97 221 143
person 0.4814 238 128 265 173
person 0.4744 197 126 224 188
person 0.3897 5 83 553 236
person 0.3515 30 106 72 165
person 0.3411 229 113 243 146
person 0.3284 44 119 77 189
person 0.3231 45 93 512 168
person 0.3223 204 97 216 114
person 0.3211 223 126 256 182
person 0.3164 89 112 166 201
