person 0.8670 560 41 621 123
person 0.8341 257 267 365 443
person 0.7300 587 11 628 83
person 0.6992 17 31 65 127
person 0.6950 214 44 256 101
person 0.6347 515 405 589 479
person 0.5406 342 55 392 94
person 0.5196 411 0 476 82
person 0.4692 0 56 27 138
person 0.4499 170 48 199 82
person 0.4355 489 21 543 94
person 0.4088 233 3 317 101
person 0.3907 342 281 448 416
person 0.3905 404 44 433 87
person 0.3818 149 278 276 416
person 0.3728 290 276 413 428
person 0.3673 260 7 320 71
person 0.3358 398 25 447 90
person 0.3285 571 45 584 67
person 0.3192 73 14 182 104
person 0.3028 486 27 520 66
