person 0.9273 144 0 354 426
person 0.8958 315 79 427 410
person 0.8358 0 57 177 361
person 0.8097 76 59 194 284
person 0.6766 426 49 501 320
person 0.6558 282 99 333 194
person 0.5191 490 91 538 275
person 0.5179 69 45 108 99
person 0.4771 160 72 201 149
person 0.4737 532 87 568 201
person 0.4416 506 111 568 293
person 0.4362 496 71 531 146
person 0.4355 373 75 406 152
person 0.4245 257 101 292 189
person 0.4142 330 74 361 146
person 0.4136 311 81 343 144
person 0.3784 85 47 113 87
person 0.3640 334 63 350 88
person 0.3489 253 80 292 143
person 0.3408 82 51 117 121
person 0.3398 349 67 371 86
person 0.3348 414 64 470 301
person 0.3347 486 68 516 119
person 0.3335 409 72 438 181
person 0.3293 36 13 295 350
person 0.3255 255 57 383 152
person 0.3222 301 80 328 109
person 0.3148 3 38 53 108
person 0.3144 458 55 547 293
person 0.3073 93 55 177 166
person 0.3057 365 49 500 161
person 0.3013 294 80 329 138
person 0.3009 116 55 207 218
person 0.3008 538 66 566 117
