person 0.9636 127 77 299 631
person 0.8844 372 228 440 356
person 0.7991 305 236 371 354
person 0.7870 274 172 341 248
person 0.7553 416 185 464 276
person 0.7096 267 248 314 348
person 0.6867 457 4 479 59
person 0.6833 352 199 397 296
person 0.6790 429 242 479 346
person 0.6201 443 56 479 118
person 0.6011 330 95 390 186
person 0.5851 423 23 465 106
person 0.5773 285 216 326 287
person 0.5751 343 162 393 239
person 0.5689 420 134 461 192
person 0.5439 397 118 426 165
person 0.5088 375 127 415 197
person 0.4811 411 86 450 135
person 0.4689 453 151 479 242
person 0.4485 395 160 434 224
person 0.4362 286 76 479 265
person 0.4320 454 93 479 150
person 0.3911 399 147 471 267
person 0.3904 303 150 345 219
person 0.3731 446 106 477 170
person 0.3439 338 141 429 272
person 0.3331 157 98 413 316
