person 0.8680 345 89 424 295
person 0.8059 55 3 162 313
person 0.7942 93 41 253 289
person 0.7835 48 277 226 503
person 0.7711 220 97 308 243
person 0.7457 140 49 181 106
person 0.6920 301 42 356 151
person 0.5841 233 46 326 152
person 0.5825 278 135 359 272
person 0.5104 356 42 417 137
person 0.5084 0 39 98 600
person 0.4954 150 451 416 635
person 0.4909 240 227 335 332
person 0.4323 215 198 289 272
person 0.3820 310 230 398 311
person 0.3469 235 54 277 107
person 0.3465 5 26 87 318
person 0.3342 238 61 264 97
person 0.3105 387 49 421 126
