person 0.8523 160 126 246 253
person 0.7976 149 92 188 170
person 0.7964 74 98 116 184
person 0.7596 290 62 337 184
person 0.7475 462 118 499 250
person 0.7319 111 91 146 128
person 0.7090 187 93 219 143
person 0.6712 0 87 18 133
person 0.6544 409 110 439 143
person 0.6380 405 237 491 330
person 0.6030 116 138 162 180
person 0.5876 248 105 275 152
person 0.5630 42 88 66 138
person 0.5578 428 272 490 328
person 0.5393 52 88 75 137
person 0.4341 443 115 481 167
person 0.4122 462 260 499 330
person 0.3761 467 104 492 127
person 0.3652 13 140 37 164
person 0.3594 461 105 491 149
person 0.3254 426 112 474 148
person 0.3192 328 101 342 149
person 0.3136 52 92 443 291
