person 0.7766 228 72 421 263
person 0.6103 514 162 545 206
person 0.5736 247 168 267 223
person 0.4941 63 112 578 295
person 0.4802 198 171 226 226
person 0.4759 190 172 212 226
person 0.4686 602 144 623 166
person 0.4620 159 172 187 222
person 0.4578 92 166 123 209
person 0.4460 447 179 461 210
person 0.4154 108 166 126 209
person 0.4110 527 162 548 198
person 0.4059 488 155 502 191
person 0.4051 81 163 95 194
person 0.3957 630 150 639 168
person 0.3822 142 172 162 209
person 0.3790 147 162 175 216
person 0.3774 461 167 471 193
person 0.3607 61 162 77 194
person 0.3596 495 155 513 203
person 0.3421 230 168 251 224
person 0.3410 72 160 88 193
person 0.3391 543 174 557 200
person 0.3211 140 171 153 191
person 0.3117 145 170 161 190
person 0.3108 52 160 69 195
person 0.3089 503 155 516 188
person 0.3063 131 167 157 211
person 0.3025 173 164 192 216
person 0.3022 209 168 228 212
person 0.3016 443 176 455 205
