person 0.9228 59 301 158 578
person 0.8803 281 316 363 570
person 0.8768 177 314 271 596
person 0.7793 147 319 183 404
person 0.7742 42 319 68 400
person 0.5945 183 317 211 372
person 0.5561 168 315 198 386
person 0.5553 10 316 30 375
person 0.5300 248 320 297 488
person 0.4781 66 320 91 351
person 0.4205 192 314 208 331
person 0.4173 4 315 29 414
person 0.3878 131 325 151 357
person 0.3788 233 318 256 367
person 0.3746 119 314 133 339
person 0.3614 30 325 45 361
person 0.3349 121 319 143 350
person 0.3144 207 314 224 332
person 0.3020 137 323 166 404
person 0.3010 56 319 87 402
