person 0.6166 55 25 82 64
person 0.5892 31 108 64 167
person 0.5649 47 216 73 259
person 0.5051 109 116 147 195
person 0.4406 221 102 242 143
person 0.4378 45 210 60 237
person 0.4317 120 36 138 64
person 0.3964 233 43 263 71
person 0.3862 10 42 39 85
person 0.3687 59 215 75 254
person 0.3659 1 2 28 80
person 0.3509 119 104 155 171
person 0.3434 225 53 238 70
person 0.3399 551 306 588 345
person 0.3341 173 106 195 151
person 0.3280 58 291 81 359
person 0.3199 61 214 73 237
person 0.3186 221 37 256 75
person 0.3151 579 292 637 424
person 0.3080 80 1 117 41
