person 0.9187 145 67 176 150
person 0.8332 118 168 200 232
person 0.7579 272 68 296 111
person 0.6915 289 57 303 98
person 0.4591 135 25 149 43
person 0.4460 99 22 117 40
person 0.4280 70 25 82 41
person 0.4148 246 30 256 44
person 0.4073 231 30 241 43
person 0.4050 63 32 74 42
person 0.3980 140 25 154 42
person 0.3966 46 24 58 40
person 0.3901 303 88 319 109
person 0.3789 0 0 319 87
person 0.3742 37 24 48 41
person 0.3679 211 24 225 42
person 0.3619 23 20 39 41
person 0.3608 298 35 311 46
person 0.3607 129 21 143 41
person 0.3531 181 31 192 44
person 0.3451 225 22 238 43
person 0.3442 240 30 252 44
person 0.3413 167 16 179 41
person 0.3356 11 27 22 41
person 0.3341 177 8 190 38
person 0.3338 17 20 32 40
person 0.3329 261 31 272 44
person 0.3254 255 36 264 45
person 0.3221 286 31 299 45
person 0.3203 152 29 161 42
person 0.3061 239 2 254 22
person 0.3053 273 30 285 44
person 0.3045 126 30 135 42
person 0.3036 189 31 199 43
person 0.3023 148 22 161 42
person 0.3010 223 29 232 43
