person 0.7503 145 178 178 219
person 0.7358 103 181 137 223
person 0.7242 572 169 612 266
person 0.7141 48 168 87 228
person 0.6690 490 166 534 228
person 0.6642 179 181 204 210
person 0.6486 536 173 567 228
person 0.6411 416 176 454 266
person 0.6243 599 172 634 269
person 0.6204 215 81 322 288
person 0.5921 494 186 533 253
person 0.5819 551 174 585 262
person 0.5784 459 193 495 285
person 0.5640 471 169 495 207
person 0.5403 206 178 230 213
person 0.5239 0 169 23 209
person 0.4888 22 176 62 264
person 0.4653 498 195 526 236
person 0.4523 460 188 488 224
person 0.4511 28 181 56 214
person 0.4417 9 176 46 225
person 0.4346 554 172 580 224
person 0.4116 14 172 33 204
person 0.4060 414 179 446 231
person 0.3613 0 171 24 265
person 0.3562 173 192 193 219
person 0.3453 553 167 568 188
person 0.3353 99 125 613 378
person 0.3353 306 254 410 378
person 0.3284 557 174 577 202
person 0.3130 613 182 637 288
person 0.3104 161 180 197 217
person 0.3098 230 67 307 152
person 0.3057 500 171 589 257
