person 0.8194 82 130 136 268
person 0.7504 17 130 71 270
person 0.7182 192 134 210 190
person 0.7182 153 136 171 186
person 0.7049 173 136 190 188
person 0.6322 223 136 237 151
person 0.6295 68 136 97 244
person 0.6098 244 135 256 148
person 0.6066 613 145 639 237
person 0.6045 148 138 164 181
person 0.6031 164 134 183 190
person 0.4845 210 133 227 153
person 0.4641 564 153 576 186
person 0.4268 204 132 221 168
person 0.3869 247 136 263 149
person 0.3669 61 114 77 131
person 0.3493 144 104 570 383
person 0.3132 570 149 582 189
person 0.3025 630 126 638 140
