person 0.8785 133 142 188 218
person 0.8491 255 15 391 417
person 0.8359 32 132 100 211
person 0.7832 363 141 413 301
person 0.7612 6 0 71 95
person 0.7521 101 156 138 210
person 0.7370 71 1 134 95
person 0.7245 8 114 55 177
person 0.6163 173 0 223 74
person 0.5526 0 168 52 227
person 0.5212 572 0 607 45
person 0.4910 117 3 167 92
person 0.4666 121 0 168 46
person 0.4165 3 130 51 203
person 0.3916 58 0 99 37
person 0.3552 86 175 109 204
person 0.3437 0 139 23 181
person 0.3398 370 20 436 82
person 0.3385 91 140 177 218
person 0.3329 82 165 129 213
person 0.3022 4 160 39 201
