person 0.8832 192 96 269 228
person 0.8552 103 134 219 376
person 0.7889 380 128 502 309
person 0.7192 366 115 436 226
person 0.6814 323 227 612 427
person 0.6000 0 163 121 424
person 0.5946 0 113 31 215
person 0.5475 366 112 405 157
person 0.4758 449 119 503 180
person 0.4751 98 117 171 235
person 0.4563 500 161 593 266
person 0.4498 453 243 639 415
person 0.3528 405 205 513 350
person 0.3493 30 93 57 174
person 0.3409 402 129 486 240
person 0.3390 87 169 128 230
person 0.3319 358 113 416 183
person 0.3227 94 151 142 223
person 0.3196 443 117 492 151
person 0.3136 463 113 544 229
