person 0.9521 292 158 343 255
person 0.9169 100 129 158 237
person 0.8897 500 154 549 253
person 0.8714 233 122 258 174
person 0.8626 450 55 462 75
person 0.8427 439 90 451 114
person 0.8270 500 130 530 178
person 0.8218 250 48 263 73
person 0.8027 261 99 290 139
person 0.7945 556 81 575 108
person 0.7819 626 112 639 145
person 0.7655 459 85 476 121
person 0.7583 87 32 95 56
person 0.7558 279 63 295 93
person 0.7555 497 61 508 83
person 0.7171 179 12 186 30
person 0.7005 189 51 201 75
person 0.6985 186 33 196 50
person 0.6831 122 47 132 63
person 0.6708 555 20 562 34
person 0.6355 98 40 106 60
person 0.6353 527 22 534 35
person 0.6201 371 80 384 92
person 0.6186 547 20 555 34
person 0.6128 395 55 408 70
person 0.6013 536 23 544 35
person 0.5903 283 6 290 17
person 0.5690 108 33 118 64
person 0.5492 596 16 604 30
person 0.4881 287 64 298 94
person 0.4715 49 0 639 132
person 0.4513 631 45 639 63
person 0.4033 161 0 166 4
person 0.3979 174 0 180 6
person 0.3868 104 39 115 61
person 0.3772 277 63 284 75
person 0.3484 563 1 569 11
person 0.3446 371 0 636 119
person 0.3366 545 0 550 6
person 0.3234 26 10 37 33
person 0.3202 605 8 611 14
