person 0.8983 289 18 366 111
person 0.8755 113 18 202 110
person 0.8628 57 23 120 111
person 0.8468 243 19 294 107
person 0.8135 199 16 249 113
person 0.7822 490 52 534 139
person 0.7815 443 21 505 173
person 0.7744 388 43 422 110
person 0.6735 365 42 397 109
person 0.6216 529 67 551 102
person 0.6185 590 50 633 141
person 0.6089 404 46 435 111
person 0.5576 548 73 569 114
person 0.5352 574 55 607 116
person 0.5116 351 33 384 99
person 0.4874 522 74 544 111
person 0.4801 520 68 556 119
person 0.4789 537 67 572 123
person 0.4684 7 15 47 108
person 0.4677 370 47 390 83
person 0.4539 189 13 301 114
person 0.4132 301 29 407 134
person 0.4130 449 38 558 151
person 0.4103 417 50 437 79
person 0.4097 550 74 568 94
person 0.3937 497 41 589 147
person 0.3918 556 64 596 128
person 0.3784 0 6 32 190
person 0.3782 370 24 565 165
person 0.3614 408 48 428 82
person 0.3514 381 34 485 151
person 0.3509 426 51 447 79
person 0.3410 98 13 624 169
person 0.3381 543 43 618 147
person 0.3349 353 46 369 67
person 0.3287 380 47 398 83
person 0.3274 222 34 341 129
person 0.3223 390 46 408 85
person 0.3213 576 57 599 91
person 0.3168 242 16 468 161
person 0.3022 610 47 639 119
person 0.3012 412 47 426 67
person 0.3010 421 51 462 119
person 0.3006 415 52 441 98
