person 0.7698 366 67 402 108
person 0.7517 227 57 260 112
person 0.7357 270 79 296 118
person 0.7092 413 76 444 108
person 0.6072 258 55 285 99
person 0.5220 343 80 368 108
person 0.5145 298 84 331 114
person 0.4927 400 78 428 107
person 0.4570 434 74 457 107
person 0.4212 338 85 358 110
person 0.4146 390 70 416 106
person 0.3966 365 57 393 96
person 0.3752 248 88 269 112
person 0.3702 313 77 342 110
person 0.3426 219 53 244 100
person 0.3067 389 63 407 95
person 0.3024 293 93 319 117
person 0.3016 240 71 266 112
