person 0.8977 295 153 360 342
person 0.8167 269 179 291 235
person 0.7756 256 181 274 235
person 0.7002 208 177 227 237
person 0.5551 237 184 262 235
person 0.5159 590 174 608 197
person 0.5134 228 185 251 235
person 0.4893 479 183 489 193
person 0.4725 431 177 442 189
person 0.4718 220 184 237 235
person 0.4537 414 177 426 195
person 0.3855 515 175 525 184
person 0.3728 235 183 246 198
person 0.3723 494 175 510 189
person 0.3674 245 181 257 197
person 0.3553 408 176 416 187
person 0.3470 423 176 434 190
person 0.3414 225 185 236 209
person 0.3260 232 183 248 213
person 0.3021 260 180 273 197
