person 0.9373 95 175 162 311
person 0.9216 203 181 256 352
person 0.8736 271 189 317 341
person 0.8661 472 185 511 301
person 0.8460 579 184 632 306
person 0.7948 427 177 470 315
person 0.7939 307 189 353 357
person 0.7789 379 187 424 322
person 0.7458 338 190 372 330
person 0.7390 511 181 555 299
person 0.4972 487 187 543 306
person 0.4636 375 178 404 311
person 0.4608 412 185 438 303
person 0.4594 614 191 639 292
person 0.3986 574 177 597 217
person 0.3676 417 188 437 225
person 0.3480 568 178 592 238
person 0.3036 382 174 413 207
person 0.3017 543 188 562 212
