person 0.8647 236 226 268 343
person 0.8614 62 228 96 337
person 0.8141 348 228 379 337
person 0.8092 131 226 164 354
person 0.7944 292 234 325 346
person 0.7818 184 230 221 339
person 0.7555 216 228 246 334
person 0.7485 88 232 115 337
person 0.7203 262 232 288 337
person 0.7150 320 226 350 342
person 0.4925 269 236 304 333
person 0.4798 332 223 353 252
person 0.4789 241 227 320 344
person 0.4737 280 232 353 341
person 0.4409 198 225 288 344
person 0.4273 309 234 396 341
person 0.4252 315 225 331 248
person 0.4222 261 227 275 247
person 0.3847 233 221 249 251
person 0.3741 157 227 253 343
person 0.3727 479 223 508 252
person 0.3636 141 217 343 348
person 0.3590 485 226 520 261
person 0.3559 252 225 266 246
person 0.3469 402 209 446 264
person 0.3321 239 222 256 248
person 0.3261 203 231 221 261
person 0.3233 90 230 171 346
person 0.3231 121 229 215 345
person 0.3226 262 232 275 256
person 0.3206 213 232 226 257
person 0.3049 288 229 306 262
person 0.3030 278 233 293 255
