person 0.6405 0 237 639 353
person 0.6170 419 253 429 279
person 0.5642 350 289 377 320
person 0.5366 325 294 372 326
person 0.4914 490 299 545 338
person 0.4375 243 302 268 334
person 0.4275 8 279 17 290
person 0.4110 98 251 541 325
person 0.4035 1 281 10 290
person 0.3954 339 259 354 289
person 0.3811 164 309 200 336
person 0.3362 401 256 414 273
person 0.3268 267 298 286 326
person 0.3197 543 309 575 332
person 0.3188 214 301 228 322
person 0.3171 115 301 132 327
person 0.3112 251 298 288 331
person 0.3040 129 301 142 325
person 0.3038 181 307 204 333
person 0.3017 392 257 406 273
