person 0.9237 244 90 482 351
person 0.4411 19 261 55 342
person 0.4171 557 388 569 415
person 0.3941 180 430 201 477
person 0.3941 372 536 505 598
person 0.3826 219 428 237 460
person 0.3772 210 424 229 462
person 0.3467 228 429 246 457
person 0.3423 429 399 444 437
person 0.3297 211 424 226 445
person 0.3282 484 416 497 434
person 0.3270 375 419 383 433
person 0.3220 418 406 435 447
person 0.3204 220 418 235 439
person 0.3130 495 409 506 429
person 0.3126 468 407 479 427
person 0.3056 571 386 590 416
person 0.3014 421 407 433 430
