person 0.8159 298 228 323 295
person 0.7509 135 231 154 286
person 0.6848 346 226 368 288
person 0.6720 95 239 118 286
person 0.6535 409 232 433 290
person 0.5714 55 235 81 294
person 0.4881 360 228 381 286
person 0.4558 107 235 122 277
person 0.4555 45 236 66 292
person 0.4339 362 230 375 270
person 0.4113 276 215 343 297
person 0.4000 83 234 97 276
person 0.3914 308 216 367 294
person 0.3861 176 225 195 270
person 0.3699 17 34 485 301
person 0.3629 0 198 499 303
person 0.3589 421 232 445 290
person 0.3587 187 223 205 270
person 0.3512 292 228 306 257
person 0.3201 86 236 107 281
person 0.3189 111 236 133 280
person 0.3183 336 218 395 294
person 0.3148 359 229 370 259
person 0.3079 65 234 84 281
person 0.3075 348 226 363 261
