person 0.8140 58 93 114 174
person 0.7751 428 96 452 154
person 0.7666 451 97 477 154
person 0.7317 585 80 606 138
person 0.6920 484 91 506 144
person 0.6862 605 81 630 140
person 0.6832 537 94 575 142
person 0.6768 304 103 325 132
person 0.6467 321 103 364 168
person 0.6003 466 89 483 147
person 0.5495 52 100 79 163
person 0.4271 3 117 59 194
person 0.4155 537 93 563 124
person 0.4145 613 73 636 148
person 0.3523 212 127 229 144
person 0.3301 331 103 356 131
person 0.3260 336 103 350 117
person 0.3202 483 85 606 157
person 0.3150 219 123 240 149
person 0.3047 342 106 360 127
person 0.3020 23 106 88 202
