person 0.8901 209 171 290 319
person 0.8757 291 154 362 318
person 0.7616 39 157 63 196
person 0.7559 0 22 639 228
person 0.6711 75 35 101 75
person 0.6519 47 62 73 103
person 0.6459 121 158 146 195
person 0.6423 150 158 177 198
person 0.6211 441 173 472 201
person 0.5999 152 34 178 75
person 0.5960 394 124 422 172
person 0.5918 47 37 73 73
person 0.5788 592 174 620 201
person 0.5662 18 109 46 151
person 0.5653 0 165 29 205
person 0.5574 69 139 95 178
person 0.5522 594 55 619 94
person 0.5499 7 156 38 197
person 0.5482 265 139 289 179
person 0.5364 508 172 532 201
person 0.5022 527 171 556 202
person 0.4981 536 45 560 84
person 0.4896 561 175 591 201
person 0.4890 347 108 373 152
person 0.4889 419 123 451 162
person 0.4874 4 46 27 86
person 0.4852 471 108 498 151
person 0.4845 27 87 55 134
person 0.4816 188 19 215 74
person 0.4785 22 56 46 96
person 0.4687 577 125 602 158
person 0.4578 571 72 601 113
person 0.4494 47 107 75 158
person 0.4489 555 48 581 81
person 0.4402 102 127 128 170
person 0.4339 614 59 639 110
person 0.4337 167 76 195 123
person 0.4281 441 104 468 143
person 0.4275 469 172 497 202
person 0.4191 515 138 543 179
person 0.4173 617 28 638 64
person 0.4172 367 142 391 177
person 0.4125 36 133 62 168
person 0.4122 282 168 308 203
person 0.4072 0 138 12 182
person 0.4056 600 151 629 189
person 0.4015 459 46 486 86
person 0.4001 142 81 168 121
person 0.3993 395 47 419 83
person 0.3941 375 101 401 144
person 0.3913 28 60 55 101
person 0.3910 347 12 372 43
person 0.3857 482 49 505 83
person 0.3841 227 145 251 196
person 0.3806 368 11 393 44
person 0.3760 302 38 325 73
person 0.3717 549 103 573 141
person 0.3650 274 79 301 124
person 0.3611 339 141 366 177
person 0.3604 566 161 591 194
person 0.3572 12 92 43 142
person 0.3560 245 83 271 121
person 0.3531 507 46 535 84
person 0.3510 455 18 477 57
person 0.3465 2 88 24 141
person 0.3465 322 35 348 87
person 0.3437 510 5 534 48
person 0.3414 442 83 468 121
person 0.3409 418 51 439 83
person 0.3405 500 39 524 71
person 0.3370 432 20 458 57
person 0.3330 471 77 494 109
person 0.3247 528 29 551 61
person 0.3191 577 174 597 200
person 0.3158 292 138 316 178
person 0.3114 464 114 487 147
person 0.3102 615 142 633 177
person 0.3094 357 148 384 193
person 0.3075 488 7 514 47
