person 0.8587 273 45 456 359
person 0.8228 512 131 565 199
person 0.8156 492 126 537 197
person 0.7985 456 134 497 193
person 0.7092 581 142 627 204
person 0.6941 186 159 217 199
person 0.6500 56 119 124 244
person 0.6412 4 123 50 288
person 0.6322 419 135 452 187
person 0.6218 143 162 179 199
person 0.6146 616 144 637 199
person 0.6127 389 124 420 166
person 0.5621 443 124 487 181
person 0.4695 42 149 80 262
person 0.4428 106 165 128 197
person 0.4426 22 142 76 298
person 0.4113 90 135 168 289
person 0.4071 125 174 146 199
person 0.3883 543 133 617 213
person 0.3676 389 121 412 150
person 0.3670 6 121 45 209
person 0.3444 0 156 24 287
person 0.3424 52 238 70 274
person 0.3408 459 129 555 213
person 0.3162 159 162 184 195
person 0.3066 459 123 489 161
person 0.3029 421 129 513 212
person 0.3027 507 131 534 171
