person 0.8813 489 199 557 412
person 0.8013 592 226 621 307
person 0.7895 567 226 593 311
person 0.6800 54 245 69 282
person 0.6123 619 227 635 284
person 0.5794 35 240 50 277
person 0.5698 235 223 259 249
person 0.5490 43 239 56 277
person 0.5346 26 242 39 274
person 0.5027 627 234 639 279
person 0.4879 64 240 76 274
person 0.3839 561 229 574 265
person 0.3682 105 154 203 283
person 0.3653 92 242 103 271
person 0.3558 559 227 577 303
person 0.3393 572 226 612 314
person 0.3114 32 244 57 289
person 0.3058 27 241 37 259
person 0.3026 620 231 633 263
