person 0.8799 260 193 338 326
person 0.8167 363 106 417 162
person 0.8142 50 273 216 361
person 0.7928 11 176 86 318
person 0.7817 429 190 478 280
person 0.7736 303 309 413 364
person 0.7199 305 47 360 104
person 0.6412 413 239 499 362
person 0.6290 195 54 239 98
person 0.6038 247 30 301 95
person 0.5826 367 57 408 112
person 0.5742 0 105 53 158
person 0.5422 430 9 463 56
person 0.5261 365 0 404 54
person 0.4929 1 96 67 195
person 0.4775 362 49 391 93
person 0.4668 407 26 437 59
person 0.4571 61 145 99 200
person 0.4561 317 14 365 66
person 0.4358 3 80 47 132
person 0.4344 464 4 496 52
person 0.4317 480 43 499 96
person 0.4293 0 43 18 101
person 0.4276 10 0 492 129
person 0.4233 15 9 47 98
person 0.4226 97 0 143 62
person 0.4215 38 22 88 162
person 0.3998 14 33 75 150
person 0.3988 248 78 270 94
person 0.3449 41 60 398 250
person 0.3425 267 1 301 52
person 0.3390 49 146 83 200
person 0.3183 225 20 266 64
person 0.3181 323 37 365 79
person 0.3179 43 0 85 58
person 0.3133 406 47 424 65
person 0.3116 191 61 236 224
person 0.3111 389 52 415 86
person 0.3098 404 37 434 71
person 0.3074 346 96 367 135
