person 0.8064 563 262 620 379
person 0.7707 27 276 53 341
person 0.7569 257 262 277 318
person 0.7152 117 271 141 330
person 0.6467 604 261 627 302
person 0.6457 439 267 458 313
person 0.6006 427 268 446 311
person 0.5868 149 271 161 307
person 0.5844 555 258 580 305
person 0.4681 362 275 379 305
person 0.4398 89 272 105 309
person 0.4325 7 270 19 292
person 0.3996 403 254 416 286
person 0.3891 12 274 31 308
person 0.3889 553 256 582 351
person 0.3561 169 262 178 279
person 0.3470 184 259 198 290
person 0.3457 109 265 123 300
person 0.3441 138 272 151 308
person 0.3409 124 269 148 315
person 0.3353 14 209 627 346
person 0.3300 481 291 544 427
person 0.3285 411 258 425 285
person 0.3229 422 254 433 273
person 0.3206 281 260 291 283
person 0.3167 112 253 375 310
person 0.3108 201 264 220 298
person 0.3069 307 259 319 283
person 0.3027 619 252 633 276
