person 0.8622 207 329 261 467
person 0.8330 519 360 584 478
person 0.8094 258 342 300 460
person 0.7990 396 344 451 479
person 0.7947 26 338 58 423
person 0.7834 303 380 360 444
person 0.7757 444 372 509 476
person 0.6956 495 376 530 460
person 0.6702 154 375 207 419
person 0.6188 12 340 41 422
person 0.5870 611 349 620 367
person 0.5794 11 348 30 401
person 0.5636 621 349 630 367
person 0.5441 593 350 602 367
person 0.5072 138 372 176 417
person 0.5022 91 348 245 428
person 0.4945 630 348 639 367
person 0.4884 0 344 10 390
person 0.4697 124 372 159 416
person 0.4692 181 345 304 441
person 0.4629 327 347 343 384
person 0.4588 13 341 93 434
person 0.4473 553 348 564 367
person 0.4470 34 344 149 430
person 0.4234 91 356 105 376
person 0.4197 284 369 352 469
person 0.4196 393 345 408 385
person 0.4177 115 369 138 400
person 0.4144 86 359 117 407
person 0.4072 6 344 24 392
person 0.3898 70 365 89 404
person 0.3862 159 376 172 395
person 0.3830 161 377 184 410
person 0.3694 103 373 142 415
person 0.3652 123 371 145 399
person 0.3640 257 350 377 443
person 0.3636 316 365 388 475
person 0.3628 473 364 535 479
person 0.3522 140 364 165 405
person 0.3464 100 367 114 383
person 0.3461 118 367 133 385
person 0.3189 106 368 129 402
person 0.3175 164 375 181 395
person 0.3156 138 361 158 391
person 0.3136 87 360 108 390
person 0.3086 73 364 87 387
person 0.3070 436 395 482 479
person 0.3022 46 329 288 447
person 0.3013 459 348 470 369
