person 0.8692 77 192 225 594
person 0.7321 372 305 417 380
person 0.6697 2 297 44 367
person 0.6632 288 326 320 377
person 0.6497 328 297 374 372
person 0.6164 421 307 443 345
person 0.5820 216 308 236 343
person 0.5698 440 301 461 347
person 0.5586 435 332 468 371
person 0.5539 31 88 449 334
person 0.5355 278 306 302 341
person 0.5200 30 343 64 385
person 0.5058 457 306 479 344
person 0.4850 241 312 287 384
person 0.4771 22 312 64 382
person 0.4541 415 308 433 343
person 0.4378 47 311 63 334
person 0.4285 238 342 266 380
person 0.4281 429 305 453 345
person 0.4248 60 310 84 354
person 0.4120 462 287 478 307
person 0.4041 445 289 458 306
person 0.3988 167 292 213 371
person 0.3987 301 311 322 340
person 0.3948 424 288 438 304
person 0.3641 44 317 74 377
person 0.3626 59 293 73 314
person 0.3599 70 257 257 386
person 0.3569 39 287 52 308
person 0.3510 283 287 297 306
person 0.3432 243 307 264 342
person 0.3422 404 308 422 340
person 0.3408 266 319 308 378
person 0.3390 0 302 20 359
person 0.3382 187 137 203 169
person 0.3281 365 305 385 340
person 0.3266 25 352 52 387
person 0.3259 76 295 90 314
person 0.3236 322 312 336 336
person 0.3217 302 288 316 306
person 0.3216 119 190 425 376
person 0.3215 365 305 399 360
person 0.3203 0 297 18 332
person 0.3196 380 290 392 304
person 0.3181 289 311 319 351
person 0.3178 224 332 241 352
person 0.3152 307 314 327 349
person 0.3144 455 289 468 306
person 0.3140 225 309 242 341
person 0.3100 172 316 209 416
person 0.3091 168 334 221 471
person 0.3080 9 276 89 362
person 0.3066 197 278 353 362
person 0.3043 49 295 61 314
person 0.3033 270 309 293 340
person 0.3019 218 329 236 357
person 0.3015 38 308 57 340
