person 0.5710 54 291 65 314
person 0.5164 9 286 18 303
person 0.4717 39 284 48 304
person 0.4530 65 291 75 316
person 0.4283 46 290 58 313
person 0.4211 46 284 56 302
person 0.4173 17 285 26 303
person 0.3945 0 284 8 303
person 0.3747 273 262 281 272
person 0.3746 54 285 65 303
person 0.3713 300 267 310 279
person 0.3629 555 260 564 272
person 0.3608 291 267 300 279
person 0.3586 253 261 262 273
person 0.3581 546 261 554 272
person 0.3458 386 258 395 273
person 0.3271 111 276 123 295
person 0.3114 310 267 319 278
person 0.3106 263 260 272 273
person 0.3028 319 267 328 278
person 0.3027 207 267 214 279
person 0.3024 72 297 82 324
