person 0.7812 206 107 237 176
person 0.6545 289 94 322 134
person 0.5991 247 109 271 171
person 0.5399 316 103 337 128
person 0.5360 221 105 242 172
person 0.5334 342 110 353 126
person 0.4718 243 75 316 171
person 0.4627 266 105 283 124
person 0.4302 266 105 292 137
person 0.4094 0 190 65 455
person 0.3696 220 100 245 142
person 0.3542 278 109 295 130
person 0.3526 221 95 238 115
person 0.3526 247 110 270 139
person 0.3479 276 78 354 174
person 0.3364 288 98 327 172
person 0.3279 210 83 290 181
person 0.3164 295 99 315 127
