person 0.8575 197 106 282 254
person 0.6161 120 166 156 210
person 0.5805 25 178 63 223
person 0.5502 83 175 115 204
person 0.5273 0 177 19 229
person 0.4986 46 181 76 215
person 0.4519 113 173 142 205
person 0.4135 16 177 46 228
person 0.3821 79 179 123 219
person 0.3808 53 172 83 208
person 0.3759 288 170 320 226
person 0.3617 176 121 251 240
person 0.3596 603 168 626 211
person 0.3435 78 174 100 204
person 0.3422 597 171 632 233
person 0.3394 617 159 636 203
person 0.3124 5 174 21 207
person 0.3078 24 180 39 203
