person 0.7782 237 356 269 455
person 0.7776 288 362 317 424
person 0.7402 592 359 628 443
person 0.7075 554 360 579 442
person 0.6761 376 361 399 415
person 0.6148 576 367 595 423
person 0.6053 527 363 552 434
person 0.5769 619 361 639 447
person 0.4541 498 352 525 411
person 0.4018 412 367 435 423
person 0.3856 575 358 607 437
person 0.3819 31 158 617 477
person 0.3803 552 359 567 431
person 0.3672 488 356 515 410
person 0.3620 250 354 285 449
person 0.3605 306 359 323 414
person 0.3598 483 358 500 396
person 0.3393 552 358 563 379
person 0.3214 470 371 498 421
person 0.3104 68 353 95 411
