person 0.8958 73 148 118 231
person 0.7525 357 167 382 247
person 0.7095 306 158 336 245
person 0.7073 155 159 189 241
person 0.6810 424 166 437 205
person 0.6283 450 163 466 219
person 0.6157 177 150 195 200
person 0.5185 466 167 479 208
person 0.4891 409 161 421 206
person 0.4411 271 149 297 239
person 0.4345 415 164 426 205
person 0.4311 399 161 416 208
person 0.4306 459 165 475 219
person 0.4200 476 174 490 210
person 0.3877 314 187 338 243
person 0.3815 394 161 408 208
person 0.3787 157 149 178 201
person 0.3650 478 172 495 227
person 0.3644 446 161 459 213
person 0.3630 343 163 356 192
person 0.3528 158 147 173 178
person 0.3314 329 159 398 233
person 0.3308 223 162 241 208
person 0.3222 348 163 363 193
