person 0.5742 32 438 40 461
person 0.5272 225 426 233 447
person 0.5111 143 431 149 447
person 0.4728 152 431 158 444
person 0.4653 216 428 224 443
person 0.4479 23 433 32 460
person 0.4125 129 430 134 441
person 0.3814 9 433 19 452
person 0.3538 139 430 145 446
person 0.3508 120 430 126 446
person 0.3447 281 428 289 445
person 0.3369 216 426 223 436
person 0.3275 180 425 189 438
person 0.3184 256 429 263 442
person 0.3145 156 430 162 445
person 0.3056 238 428 246 447
person 0.3014 191 425 201 436
person 0.3006 179 428 186 441
