person 0.9173 161 139 392 426
person 0.8624 447 168 621 419
person 0.6079 360 154 422 281
person 0.6001 0 140 124 362
person 0.5819 422 159 463 219
person 0.5470 152 163 205 216
person 0.5025 97 153 156 252
person 0.4663 457 157 501 218
person 0.4239 335 161 366 241
person 0.4115 153 160 178 197
person 0.3740 409 167 475 358
person 0.3485 52 134 639 292
person 0.3466 25 154 226 426
person 0.3336 417 182 454 230
person 0.3124 417 169 465 266
person 0.3097 451 155 502 281
person 0.3083 616 209 639 313
person 0.3049 174 167 208 210
