person 0.9338 246 273 333 396
person 0.9144 174 272 254 406
person 0.8982 321 266 406 409
person 0.8955 397 269 472 408
person 0.8878 204 200 268 316
person 0.8823 462 269 544 409
person 0.8786 412 203 480 308
person 0.8717 124 183 199 304
person 0.8665 115 273 200 392
person 0.8631 271 199 347 311
person 0.8505 209 138 271 239
person 0.8484 44 263 130 407
person 0.8450 488 50 547 140
person 0.8448 540 276 629 401
person 0.8395 474 204 550 320
person 0.8247 420 137 474 238
person 0.8238 526 104 592 188
person 0.8203 339 186 409 296
person 0.8144 470 153 527 243
person 0.8052 69 189 134 322
person 0.7749 260 135 317 241
person 0.7744 244 44 306 129
person 0.7729 11 140 76 238
person 0.7725 0 187 67 377
person 0.7706 140 127 214 233
person 0.7595 539 57 602 150
person 0.7414 560 195 627 324
person 0.7370 325 142 369 232
person 0.7300 17 53 84 135
person 0.7242 460 98 532 190
person 0.7189 116 87 172 179
person 0.7107 579 155 632 249
person 0.7013 282 92 342 190
person 0.7011 526 153 583 285
person 0.7002 373 141 425 239
person 0.6999 339 90 401 167
person 0.6988 392 86 451 169
person 0.6961 424 47 487 143
person 0.6885 90 146 142 229
person 0.6601 217 89 286 174
person 0.6548 358 46 417 125
person 0.6475 302 43 365 126
person 0.6378 195 47 248 126
person 0.5996 57 84 122 207
person 0.5805 134 45 198 124
person 0.5584 81 46 140 130
person 0.5404 175 87 227 177
person 0.5253 20 71 86 201
person 0.4805 514 56 579 149
person 0.4788 96 51 165 146
person 0.4648 211 282 270 386
person 0.4544 129 85 208 189
person 0.4533 211 52 278 145
person 0.4524 363 276 420 394
person 0.4450 322 47 390 142
person 0.4426 107 188 167 308
person 0.4341 27 244 93 397
person 0.4309 57 51 128 152
person 0.4255 167 116 243 231
person 0.4193 182 195 242 308
person 0.4163 514 195 568 310
person 0.4074 241 86 323 185
person 0.4040 97 117 166 228
person 0.3969 558 150 611 272
person 0.3945 401 58 465 147
person 0.3940 576 209 637 385
person 0.3833 357 85 436 188
person 0.3814 284 282 342 381
person 0.3793 439 278 505 388
person 0.3770 404 156 464 266
person 0.3760 334 164 389 266
person 0.3706 286 118 355 228
person 0.3606 174 156 238 265
person 0.3580 426 222 513 339
person 0.3506 509 278 586 394
person 0.3446 95 170 240 320
person 0.3329 28 182 80 324
person 0.3280 434 85 510 183
person 0.3234 26 83 616 255
person 0.3183 62 157 123 271
person 0.3174 436 119 507 232
person 0.3116 290 163 347 267
person 0.3086 150 178 335 318
person 0.3000 320 229 401 341
