person 0.7267 389 209 397 227
person 0.7058 72 206 82 230
person 0.6912 455 201 462 217
person 0.6803 219 201 228 221
person 0.6438 345 205 352 216
person 0.6026 115 211 127 238
person 0.5902 236 202 243 220
person 0.5650 123 214 134 238
person 0.5512 240 215 250 234
person 0.5328 167 196 177 214
person 0.5306 175 202 183 218
person 0.5018 188 199 197 220
person 0.4741 286 200 293 212
person 0.4736 116 195 124 211
person 0.4541 183 199 194 223
person 0.4436 213 201 221 218
person 0.4430 160 203 169 219
person 0.4014 155 199 162 211
person 0.3715 131 205 140 217
person 0.3695 160 209 170 226
person 0.3398 153 210 163 226
person 0.3350 166 218 179 230
person 0.3311 182 218 192 231
person 0.3288 108 189 214 235
person 0.3278 74 203 89 233
person 0.3236 231 205 251 238
person 0.3220 441 194 447 201
person 0.3211 234 202 245 233
person 0.3196 161 199 169 211
person 0.3163 155 200 163 219
