person 0.8936 475 271 524 388
person 0.8019 278 245 318 315
person 0.6935 217 266 247 316
person 0.6456 192 250 216 315
person 0.6209 15 8 623 310
person 0.5337 0 254 11 272
person 0.4828 353 232 369 252
person 0.4718 23 256 38 271
person 0.4627 5 256 20 272
person 0.4383 390 231 408 252
person 0.4203 516 196 528 216
person 0.4178 581 197 594 215
person 0.4100 62 196 77 216
person 0.4000 430 207 444 222
person 0.3982 16 256 30 271
person 0.3927 418 259 440 284
person 0.3909 36 259 48 271
person 0.3860 203 243 225 305
person 0.3819 154 179 171 199
person 0.3814 409 235 425 272
person 0.3804 626 236 639 270
person 0.3699 46 258 58 270
person 0.3694 551 198 567 216
person 0.3591 457 253 472 275
person 0.3537 148 248 161 260
person 0.3526 543 198 557 216
person 0.3525 306 234 322 253
person 0.3482 211 241 228 285
person 0.3477 81 207 97 224
person 0.3407 16 187 30 205
person 0.3394 590 252 604 271
person 0.3385 374 206 387 223
person 0.3370 43 158 56 177
person 0.3359 35 262 47 278
person 0.3344 69 245 86 266
person 0.3333 590 246 603 263
person 0.3319 606 252 623 271
person 0.3291 299 177 311 196
person 0.3280 213 206 227 225
person 0.3251 458 197 471 216
person 0.3248 34 188 48 205
person 0.3243 213 215 228 235
person 0.3238 130 160 142 178
person 0.3205 213 253 229 309
person 0.3204 139 179 151 196
person 0.3202 55 160 67 178
person 0.3190 447 207 462 223
person 0.3188 100 187 114 206
person 0.3185 81 197 95 215
person 0.3174 25 187 39 205
person 0.3165 571 198 584 215
person 0.3161 167 179 179 196
person 0.3143 354 208 367 223
person 0.3139 551 250 566 273
person 0.3137 279 208 293 225
person 0.3121 73 188 86 206
person 0.3094 242 197 255 215
person 0.3091 474 251 491 275
person 0.3090 460 170 471 188
person 0.3086 6 187 20 206
person 0.3086 505 198 519 216
person 0.3063 44 188 58 205
person 0.3061 26 150 39 171
person 0.3059 336 208 349 224
person 0.3059 147 199 162 215
person 0.3052 535 179 547 196
person 0.3040 156 199 171 215
person 0.3040 174 186 189 207
person 0.3039 533 249 548 274
person 0.3039 223 188 236 205
person 0.3030 100 197 114 214
person 0.3021 62 188 76 206
person 0.3020 398 229 419 256
person 0.3019 110 197 124 214
person 0.3016 318 207 330 224
person 0.3004 346 208 359 224
