person 0.7373 284 213 306 254
person 0.6996 538 313 562 372
person 0.6953 29 97 459 304
person 0.6820 551 283 570 333
person 0.6774 521 289 542 328
person 0.6383 27 238 53 286
person 0.6183 482 178 506 213
person 0.6063 453 272 479 311
person 0.6043 581 188 610 224
person 0.5810 107 114 128 149
person 0.5766 172 271 198 327
person 0.5726 57 227 81 261
person 0.5688 589 161 619 198
person 0.5674 59 197 79 232
person 0.5593 75 238 103 286
person 0.5526 150 239 177 282
person 0.5448 98 236 117 270
person 0.5408 493 300 515 324
person 0.5319 61 145 77 170
person 0.5289 202 120 217 144
person 0.5218 4 230 25 258
person 0.5215 237 232 261 272
person 0.5209 108 221 128 249
person 0.5119 266 196 289 234
person 0.5070 563 119 577 142
person 0.5040 143 123 639 345
person 0.4903 409 284 431 313
person 0.4889 501 301 522 333
person 0.4815 325 196 343 236
person 0.4696 0 231 9 255
person 0.4693 463 281 484 317
person 0.4693 136 114 153 145
person 0.4659 406 168 429 204
person 0.4560 230 215 251 252
person 0.4502 172 227 195 260
person 0.4486 626 124 639 156
person 0.4434 0 133 12 166
person 0.4415 365 126 378 152
person 0.4399 569 118 588 144
person 0.4381 159 241 191 291
person 0.4349 306 193 325 220
person 0.4306 503 112 523 147
person 0.4173 533 114 551 144
person 0.4152 460 124 473 141
person 0.4124 580 168 613 213
person 0.4108 118 100 130 121
person 0.4107 72 108 87 137
person 0.4068 437 135 453 164
person 0.4062 392 147 408 189
person 0.4024 376 126 388 153
person 0.4023 238 161 259 196
person 0.3934 199 123 221 153
person 0.3931 304 165 324 192
person 0.3927 0 249 11 295
person 0.3921 585 76 607 107
person 0.3905 530 305 551 349
person 0.3899 530 132 551 167
person 0.3898 444 283 470 313
person 0.3890 43 126 59 156
person 0.3885 104 232 132 273
person 0.3851 360 156 381 198
person 0.3848 521 72 536 98
person 0.3832 307 147 321 170
person 0.3831 605 121 625 157
person 0.3824 68 233 95 273
person 0.3798 472 139 497 178
person 0.3777 6 114 22 145
person 0.3745 23 241 45 270
person 0.3742 145 234 166 272
person 0.3660 452 125 462 141
person 0.3657 560 121 579 159
person 0.3605 52 231 73 259
person 0.3552 479 132 490 150
person 0.3551 25 134 41 164
person 0.3506 608 119 622 142
person 0.3500 229 162 250 195
person 0.3454 11 241 47 291
person 0.3446 83 238 118 290
person 0.3427 0 61 255 342
person 0.3413 567 120 590 161
person 0.3407 457 126 474 153
person 0.3390 487 73 499 99
person 0.3379 162 227 185 262
person 0.3358 228 67 632 264
person 0.3340 539 115 555 133
person 0.3334 507 112 522 133
person 0.3302 598 74 617 110
person 0.3273 383 137 396 163
person 0.3264 143 169 165 206
person 0.3233 134 172 157 205
person 0.3223 33 134 50 165
person 0.3221 614 120 639 160
person 0.3216 333 149 352 186
person 0.3195 47 203 72 246
person 0.3149 578 119 594 140
person 0.3134 279 225 303 265
person 0.3111 534 306 549 332
person 0.3106 104 172 127 218
person 0.3082 96 166 119 209
person 0.3079 154 220 173 247
person 0.3069 276 124 300 158
person 0.3060 607 74 621 112
person 0.3045 354 138 369 163
person 0.3008 403 142 415 161
