person 0.7092 520 120 539 172
person 0.6968 567 120 588 149
person 0.6742 542 120 557 155
person 0.6434 159 148 206 183
person 0.6073 76 109 103 140
person 0.5203 586 122 605 146
person 0.4609 47 109 84 155
person 0.4488 64 108 104 154
person 0.4328 611 121 621 135
person 0.4139 609 125 622 143
person 0.3800 137 148 183 187
person 0.3562 58 112 82 140
person 0.3508 574 119 603 150
person 0.3419 630 128 639 145
person 0.3279 601 127 613 142
person 0.3200 116 147 167 190
person 0.3115 555 103 634 239
person 0.3095 630 134 639 153
person 0.3094 538 123 566 171
person 0.3029 80 111 113 152
person 0.3014 99 147 145 190
