person 0.9264 148 112 285 607
person 0.7992 304 143 371 472
person 0.7291 244 138 312 487
person 0.7121 351 128 420 487
person 0.7073 9 40 40 98
person 0.6812 7 131 82 502
person 0.6609 310 2 338 87
person 0.6609 41 48 70 109
person 0.6539 321 128 350 176
person 0.6269 362 64 390 110
person 0.6229 39 118 67 148
person 0.5701 41 22 400 245
person 0.5678 334 55 366 106
person 0.5677 79 191 162 514
person 0.5376 59 75 89 123
person 0.5371 292 119 318 163
person 0.5100 51 49 88 113
person 0.5001 169 27 200 71
person 0.4849 67 110 109 203
person 0.4747 199 28 230 60
person 0.4671 40 146 85 237
person 0.4589 67 48 93 94
person 0.4389 349 122 368 153
person 0.4361 390 76 419 134
person 0.3799 0 0 20 64
person 0.3741 279 154 317 207
person 0.3560 63 123 141 451
person 0.3489 42 138 88 478
person 0.3447 26 128 43 148
person 0.3376 337 126 368 162
person 0.3127 187 0 218 50
person 0.3120 346 132 364 156
person 0.3110 128 119 232 528
person 0.3052 171 3 199 54
