person 0.8594 402 349 417 390
person 0.8296 174 355 191 392
person 0.7866 611 307 623 332
person 0.7743 244 377 259 407
person 0.6745 577 301 586 322
person 0.6650 342 347 359 385
person 0.5665 6 335 25 355
person 0.5395 409 230 414 245
person 0.4621 348 344 360 375
person 0.4469 451 212 459 222
person 0.4143 463 214 470 222
person 0.4095 469 214 478 222
person 0.3881 338 356 353 383
person 0.3879 486 245 492 252
person 0.3401 591 204 598 213
person 0.3250 582 204 594 214
person 0.3248 39 197 47 206
person 0.3191 58 196 66 205
person 0.3103 376 186 382 193
