person 0.7987 81 241 134 385
person 0.7217 415 246 435 309
person 0.6914 10 318 99 419
person 0.6887 353 236 374 292
person 0.6651 547 305 599 397
person 0.6627 435 245 457 306
person 0.6318 36 222 83 375
person 0.6244 6 210 482 365
person 0.5964 3 223 39 334
person 0.5886 470 261 541 386
person 0.5802 566 253 592 317
person 0.5499 307 229 323 276
person 0.5458 489 263 541 337
person 0.5424 547 250 569 320
person 0.5419 366 241 390 302
person 0.4819 338 233 348 256
person 0.4334 241 228 256 258
person 0.4252 344 233 366 287
person 0.4113 508 259 572 385
person 0.3875 7 215 21 238
person 0.3830 31 221 62 301
person 0.3595 233 219 245 256
person 0.3540 31 227 50 262
person 0.3535 84 218 93 237
person 0.3506 440 238 576 410
person 0.3464 95 223 104 244
person 0.3426 86 220 172 355
person 0.3307 170 224 180 247
person 0.3248 558 253 578 312
person 0.3164 293 231 328 274
person 0.3152 345 224 446 344
person 0.3122 328 233 339 253
person 0.3052 72 219 84 251
