person 0.7686 203 281 371 394
person 0.6611 443 297 514 355
person 0.6344 520 243 625 378
person 0.5808 410 241 472 360
person 0.5487 489 237 549 337
person 0.5441 1 213 121 398
person 0.5103 428 265 504 365
person 0.5057 359 293 406 399
person 0.4990 587 232 632 308
person 0.4862 73 40 570 402
person 0.4822 397 355 558 397
person 0.4154 611 257 639 389
person 0.4143 140 277 243 402
person 0.4065 587 159 608 194
person 0.4060 350 263 437 383
person 0.3725 579 161 609 215
person 0.3703 494 195 587 288
person 0.3626 579 243 639 382
person 0.3564 567 238 625 334
person 0.3446 339 308 393 402
person 0.3423 22 165 76 228
person 0.3325 420 307 517 398
person 0.3274 519 346 624 402
person 0.3170 46 161 196 394
person 0.3147 82 235 115 270
person 0.3081 57 247 155 398
person 0.3077 459 234 496 294
person 0.3041 395 259 452 381
