person 0.9103 387 95 527 473
person 0.8955 250 121 304 228
person 0.8728 29 111 97 275
person 0.8447 104 113 165 238
person 0.8192 299 111 361 242
person 0.8056 546 150 587 268
person 0.7618 160 111 223 244
person 0.6497 586 155 623 257
person 0.5885 614 160 639 263
person 0.5054 316 148 391 330
person 0.4947 213 157 249 227
person 0.4467 139 129 203 250
person 0.3756 356 178 406 316
person 0.3215 0 148 27 235
person 0.3182 57 137 120 252
person 0.3163 383 193 494 416
person 0.3063 554 163 618 300
