person 0.8006 185 223 251 381
person 0.7479 83 192 124 346
person 0.7447 118 205 165 359
person 0.6881 157 215 192 348
person 0.5954 52 210 90 324
person 0.5060 32 216 599 380
person 0.4872 0 260 25 300
person 0.4251 176 208 218 367
person 0.4110 128 208 205 328
person 0.3708 223 207 489 393
person 0.3613 362 328 377 347
person 0.3601 166 228 313 365
person 0.3324 147 198 178 338
person 0.3221 459 290 471 310
person 0.3195 553 281 565 300
person 0.3157 468 271 480 292
person 0.3119 502 341 522 370
person 0.3094 533 309 546 329
person 0.3068 181 210 213 283
person 0.3033 581 282 593 300
