person 0.8148 577 219 603 291
person 0.7743 531 205 551 275
person 0.7167 606 219 632 290
person 0.5315 277 110 293 143
person 0.5134 297 109 312 143
person 0.4574 299 106 312 126
person 0.4299 243 114 256 136
person 0.3998 270 108 287 145
person 0.3937 276 107 305 149
person 0.3934 402 115 414 136
person 0.3864 290 113 302 138
person 0.3724 241 118 258 148
person 0.3375 364 110 380 140
person 0.3370 278 109 292 125
person 0.3219 606 209 625 250
person 0.3049 365 110 378 125
person 0.3043 629 229 639 285
person 0.3024 251 122 264 147
