person 0.6983 276 344 299 387
person 0.6957 148 348 176 403
person 0.6534 125 351 152 404
person 0.6469 255 341 277 388
person 0.6071 358 363 380 388
person 0.5876 516 355 528 378
person 0.5794 497 353 511 381
person 0.5255 619 359 632 389
person 0.5199 611 356 622 377
person 0.5080 401 353 417 381
person 0.4681 609 362 624 388
person 0.4552 381 352 400 380
person 0.4327 351 361 381 406
person 0.4270 389 353 408 380
person 0.4074 340 371 362 399
person 0.3817 133 348 154 386
person 0.3462 514 360 530 388
person 0.3372 369 353 401 406
person 0.3328 504 365 519 387
person 0.3278 270 334 369 441
person 0.3261 501 352 521 381
person 0.3043 390 343 416 389
person 0.3030 409 351 424 383
