person 0.8850 234 196 372 479
person 0.8150 394 220 430 291
person 0.7995 65 218 93 282
person 0.7970 355 225 379 280
person 0.7720 132 228 156 278
person 0.7562 88 240 111 282
person 0.7502 236 217 259 279
person 0.7370 6 216 40 292
person 0.6917 337 237 348 267
person 0.6284 372 233 388 277
person 0.6221 251 215 267 273
person 0.5696 220 233 237 276
person 0.5379 327 240 339 264
person 0.4567 53 240 68 265
person 0.3936 320 239 332 263
person 0.3909 0 218 10 272
person 0.3803 29 223 53 279
person 0.3773 382 233 397 275
person 0.3763 25 222 41 284
person 0.3562 257 218 275 270
person 0.3209 347 253 358 272
person 0.3208 343 236 359 272
