person 0.5822 491 265 511 296
person 0.5430 359 292 384 321
person 0.5069 546 300 596 379
person 0.4590 456 283 473 305
person 0.4541 379 280 397 318
person 0.4415 310 273 346 344
person 0.4007 301 277 330 340
person 0.4002 356 293 383 353
person 0.3632 414 293 438 326
person 0.3581 139 244 176 285
person 0.3573 498 268 543 309
person 0.3489 453 283 500 369
person 0.3448 454 285 493 328
person 0.3407 308 229 345 270
person 0.3355 390 298 414 322
person 0.3350 396 303 415 332
person 0.3297 2 175 40 219
person 0.3214 477 268 546 361
person 0.3204 481 269 511 310
person 0.3179 306 243 344 290
person 0.3086 314 212 348 252
