person 0.8997 558 297 579 365
person 0.8944 437 301 459 363
person 0.8902 413 297 435 365
person 0.8269 528 300 550 366
person 0.7833 583 298 608 366
person 0.6865 604 296 625 364
person 0.4269 495 303 510 345
person 0.3690 384 318 399 362
person 0.3678 484 302 499 344
person 0.3604 128 311 151 370
person 0.3558 366 321 380 361
person 0.3387 617 302 635 359
person 0.3352 374 311 396 363
person 0.3342 468 300 478 324
person 0.3300 461 301 473 322
person 0.3144 545 299 570 367
person 0.3121 391 302 410 361
