person 0.9212 20 212 146 639
person 0.8796 116 273 155 414
person 0.8004 189 263 340 602
person 0.6899 1 262 40 429
person 0.6840 175 270 217 347
person 0.5111 151 308 197 462
person 0.4972 34 265 56 287
person 0.4880 167 271 216 422
person 0.4213 225 278 244 295
person 0.4131 159 291 179 337
person 0.4099 213 280 238 310
person 0.3866 105 275 121 296
person 0.3659 233 280 251 294
person 0.3615 459 252 479 300
person 0.3351 0 296 15 439
person 0.3307 204 278 228 313
person 0.3148 154 300 188 392
person 0.3123 140 278 157 313
person 0.3060 217 278 234 296
