person 0.6234 319 125 364 183
person 0.5856 208 63 268 103
person 0.5307 268 261 284 285
person 0.5270 43 141 57 162
person 0.5161 197 217 211 241
person 0.5059 287 270 302 294
person 0.5033 92 149 105 175
person 0.4967 105 164 127 192
person 0.4916 255 253 267 273
person 0.4370 299 272 313 296
person 0.4320 156 195 175 221
person 0.4309 127 171 144 194
person 0.4295 62 137 76 170
person 0.4257 178 204 192 228
person 0.4232 79 147 95 177
person 0.4222 306 272 319 298
person 0.4167 280 261 293 285
person 0.4055 195 62 241 107
person 0.4031 270 256 283 274
person 0.3990 165 201 180 220
person 0.3960 230 237 242 258
person 0.3802 16 134 31 154
person 0.3661 28 139 40 157
person 0.3660 33 141 47 160
person 0.3660 281 258 290 273
person 0.3597 316 230 328 243
person 0.3378 198 196 302 302
person 0.3352 3 122 18 148
person 0.3318 0 124 12 145
person 0.3206 255 251 265 265
person 0.3055 257 256 275 288
