person 0.8399 238 209 265 285
person 0.8210 295 225 329 312
person 0.7804 450 224 480 307
person 0.7332 384 213 414 283
person 0.7071 514 223 545 306
person 0.6058 549 97 556 115
person 0.6033 410 213 447 316
person 0.5599 416 215 446 259
person 0.4337 484 112 490 124
person 0.4261 334 227 356 254
person 0.4238 491 108 498 121
person 0.3997 575 92 587 112
person 0.3401 328 226 357 277
person 0.3324 529 115 537 128
person 0.3269 507 107 518 120
person 0.3224 405 256 440 318
person 0.3138 578 89 592 115
person 0.3088 552 96 560 114
