person 0.8594 163 86 235 325
person 0.8065 378 203 420 326
person 0.7351 354 193 385 312
person 0.5816 335 213 363 307
person 0.5407 202 231 245 293
person 0.5140 5 142 92 313
person 0.5066 407 289 481 331
person 0.5058 273 195 308 248
person 0.5036 297 230 338 292
person 0.5014 383 136 420 193
person 0.5009 73 141 492 316
person 0.4894 289 175 316 210
person 0.4597 471 216 493 257
person 0.4345 246 212 299 295
person 0.4200 444 193 475 243
person 0.4131 433 212 467 253
person 0.4034 420 240 493 327
person 0.3736 332 147 364 198
person 0.3642 26 198 106 300
person 0.3603 419 192 446 240
person 0.3566 379 191 395 223
person 0.3546 237 228 280 291
person 0.3500 286 185 310 216
person 0.3279 424 212 466 284
person 0.3258 302 181 323 218
person 0.3226 300 210 335 258
person 0.3197 458 191 473 210
person 0.3173 391 198 423 272
person 0.3092 337 163 361 193
person 0.3067 456 190 476 226
