person 0.8568 185 211 325 510
person 0.8533 409 132 467 290
person 0.8524 18 304 174 554
person 0.7889 97 189 139 249
person 0.7751 308 131 331 216
person 0.7264 36 171 74 226
person 0.7261 287 169 313 220
person 0.7196 170 166 208 224
person 0.7137 328 168 357 219
person 0.6341 110 187 158 247
person 0.6061 272 146 287 181
person 0.6008 65 173 100 232
person 0.5934 138 185 179 240
person 0.5589 65 152 182 256
person 0.5588 158 169 195 228
person 0.5579 20 195 62 244
person 0.5495 283 143 299 182
person 0.4159 93 176 112 206
person 0.4025 295 148 321 216
person 0.3930 167 164 191 204
person 0.3829 48 134 271 270
person 0.3697 154 183 179 221
person 0.3617 43 190 72 232
person 0.3315 13 154 96 259
person 0.3284 72 178 118 248
person 0.3265 143 148 259 249
person 0.3232 274 193 289 207
person 0.3136 124 194 156 229
person 0.3097 22 204 92 256
person 0.3053 120 188 140 215
