person 0.8963 121 49 226 339
person 0.8936 47 75 160 409
person 0.8267 297 350 423 467
person 0.6756 244 70 331 344
person 0.6080 209 84 257 213
person 0.5719 602 107 614 129
person 0.5246 581 99 594 132
person 0.4893 336 79 346 99
person 0.4814 488 73 498 89
person 0.4520 606 108 620 128
person 0.4217 631 105 639 128
person 0.3946 602 84 610 95
person 0.3936 113 59 140 84
person 0.3891 250 96 267 123
person 0.3785 563 91 574 104
person 0.3704 517 92 526 103
person 0.3498 330 79 341 100
person 0.3437 487 79 499 97
person 0.3400 593 84 602 97
person 0.3379 563 84 574 97
person 0.3355 386 69 398 90
person 0.3343 478 72 489 88
person 0.3311 106 61 143 125
person 0.3245 384 77 397 100
person 0.3242 536 93 545 103
person 0.3230 526 84 536 96
person 0.3200 470 91 479 104
person 0.3168 554 92 564 103
person 0.3147 470 81 480 97
person 0.3059 479 91 490 104
person 0.3018 392 80 404 98
person 0.3012 116 63 152 95
