person 0.8416 275 25 580 430
person 0.7583 229 55 341 392
person 0.6790 318 60 457 429
person 0.5767 334 93 400 393
person 0.5599 329 97 356 143
person 0.5138 402 94 430 124
person 0.4864 389 93 429 141
person 0.4446 77 1 198 76
person 0.4362 222 81 252 146
person 0.4330 253 54 333 237
person 0.4025 528 114 612 294
person 0.3835 364 94 381 106
person 0.3708 321 86 361 217
person 0.3455 383 48 491 177
person 0.3387 365 84 402 139
person 0.3384 301 69 324 120
person 0.3180 394 94 446 163
person 0.3019 528 114 584 192
