person 0.7955 411 266 436 333
person 0.7431 489 258 514 338
person 0.6282 557 242 567 266
person 0.6033 346 248 358 280
person 0.5541 466 286 492 337
person 0.5530 340 245 349 277
person 0.5349 292 252 302 290
person 0.5259 570 243 581 266
person 0.4985 221 250 227 262
person 0.4804 318 252 329 277
person 0.4676 598 303 609 322
person 0.4520 223 249 234 263
person 0.4507 239 243 251 265
person 0.4262 465 283 483 320
person 0.4214 486 262 504 326
person 0.3853 312 247 322 278
person 0.3823 563 243 574 266
person 0.3757 313 248 321 262
person 0.3624 331 245 340 264
person 0.3516 487 239 496 251
person 0.3509 506 236 516 251
person 0.3365 0 206 639 369
person 0.3326 354 250 363 277
person 0.3312 1 229 8 243
person 0.3213 14 190 24 209
person 0.3049 291 249 300 265
