person 0.9340 139 38 373 610
person 0.8250 358 64 399 153
person 0.6891 121 282 324 628
person 0.6763 331 138 424 487
person 0.6742 344 67 372 147
person 0.5275 239 65 267 116
person 0.5089 212 60 237 108
person 0.5007 122 54 141 126
person 0.4775 131 36 174 129
person 0.4468 47 37 96 90
person 0.4087 161 15 238 110
person 0.3704 331 48 346 69
person 0.3703 347 56 364 84
person 0.3592 226 63 246 109
person 0.3587 172 48 199 117
person 0.3504 170 77 189 120
person 0.3351 348 51 362 72
person 0.3311 104 59 121 78
person 0.3128 40 53 59 71
person 0.3040 181 52 218 115
