person 0.7950 224 241 326 369
person 0.7107 388 181 451 262
person 0.7050 324 193 380 267
person 0.6595 363 206 410 262
person 0.6472 0 2 639 232
person 0.5814 592 149 628 202
person 0.4941 349 172 423 265
person 0.4774 383 110 411 145
person 0.4567 167 174 198 207
person 0.4559 90 154 118 206
person 0.4411 289 149 317 179
person 0.4248 263 177 289 206
person 0.4122 48 158 81 204
person 0.3684 469 31 504 89
person 0.3673 315 181 339 207
person 0.3672 221 75 254 135
person 0.3619 582 120 614 154
person 0.3597 552 159 586 204
person 0.3490 176 117 206 166
person 0.3479 528 184 557 208
person 0.3447 423 132 463 185
person 0.3419 191 175 207 205
person 0.3399 366 58 399 111
person 0.3300 522 153 557 199
person 0.3272 280 105 309 148
person 0.3270 421 128 451 164
person 0.3242 358 207 385 254
person 0.3237 489 82 515 129
person 0.3223 455 95 491 143
person 0.3152 386 195 415 246
person 0.3128 120 165 149 203
person 0.3085 10 132 35 178
