person 0.8438 39 325 122 469
person 0.7420 112 312 142 375
person 0.7239 189 306 215 354
person 0.6654 148 309 181 379
person 0.6458 228 312 252 358
person 0.5137 318 299 328 326
person 0.4757 286 302 302 333
person 0.4720 142 304 162 337
person 0.4587 205 302 216 321
person 0.4411 216 301 228 322
person 0.4111 185 305 199 331
person 0.3671 222 309 240 350
person 0.3622 199 304 208 317
person 0.3576 221 301 234 322
person 0.3542 199 306 225 351
person 0.3541 280 296 303 349
person 0.3506 204 304 218 330
person 0.3347 312 298 321 326
person 0.3279 157 309 171 327
person 0.3064 233 300 244 317
person 0.3001 187 303 198 318
