person 0.8784 468 293 496 358
person 0.8659 444 292 469 360
person 0.8589 402 362 509 478
person 0.8379 251 319 306 470
person 0.7168 222 296 240 335
person 0.5292 503 289 515 325
person 0.5109 486 295 501 345
person 0.5010 499 288 510 317
person 0.4602 404 282 411 296
person 0.4510 488 288 500 314
person 0.4296 203 305 223 335
person 0.4131 462 289 473 311
person 0.3995 467 291 478 309
person 0.3985 489 285 499 300
person 0.3851 479 286 489 300
person 0.3665 456 288 473 355
person 0.3227 213 309 225 332
person 0.3147 498 285 508 299
