person 0.9086 197 169 258 339
person 0.8476 345 148 491 405
person 0.8406 283 180 337 281
person 0.8002 120 191 161 329
person 0.7498 0 129 78 445
person 0.6791 161 188 197 305
person 0.6674 482 180 544 331
person 0.6378 147 185 178 312
person 0.6184 66 166 128 365
person 0.5462 557 175 600 328
person 0.5131 569 210 618 287
person 0.4845 587 217 629 276
person 0.4772 156 171 305 333
person 0.4754 263 186 288 243
person 0.4508 64 166 585 321
person 0.4053 337 187 359 241
person 0.3996 452 192 478 239
person 0.3937 250 187 272 245
person 0.3691 178 187 204 283
person 0.3612 243 184 264 273
person 0.3582 110 186 136 316
person 0.3400 120 186 136 209
person 0.3341 575 177 635 305
person 0.3270 324 186 340 224
person 0.3260 462 197 489 255
person 0.3254 136 182 153 210
person 0.3181 504 184 572 313
person 0.3167 479 186 509 235
person 0.3161 278 186 294 208
person 0.3133 585 220 608 270
person 0.3115 619 195 639 270
person 0.3085 93 184 106 196
person 0.3018 337 183 352 211
