person 0.9307 162 304 298 589
person 0.9032 346 316 413 524
person 0.9014 120 332 146 388
person 0.8880 465 321 526 515
person 0.8643 537 326 596 517
person 0.8307 286 324 360 528
person 0.7578 438 330 473 416
person 0.7578 514 312 558 447
person 0.7436 595 324 639 577
person 0.5740 579 317 606 363
person 0.5720 261 333 291 387
person 0.5605 176 335 194 379
person 0.5452 586 322 626 443
person 0.5398 388 317 424 514
person 0.5163 415 324 436 377
person 0.5136 43 305 604 446
person 0.4466 148 337 159 362
person 0.4105 462 327 482 354
person 0.4004 330 322 358 373
person 0.3963 278 336 302 392
person 0.3866 194 336 207 362
person 0.3750 590 319 627 372
person 0.3719 142 336 152 361
person 0.3592 461 327 481 401
person 0.3441 271 327 314 516
person 0.3398 264 332 287 365
person 0.3152 587 320 603 353
person 0.3129 187 335 198 360
person 0.3033 407 327 433 422
