person 0.9225 102 0 393 634
person 0.8035 47 149 91 215
person 0.7880 296 89 323 153
person 0.7509 310 151 340 207
person 0.7299 2 159 43 232
person 0.7123 269 89 298 154
person 0.6957 336 147 373 210
person 0.5828 463 157 487 274
person 0.4734 91 133 104 154
person 0.4271 316 216 407 330
person 0.4244 34 135 49 156
person 0.3898 0 152 12 195
person 0.3851 15 134 29 156
person 0.3733 101 134 115 154
person 0.3709 53 135 66 154
person 0.3643 81 136 95 155
person 0.3416 33 150 56 206
person 0.3398 0 134 12 156
person 0.3350 63 135 75 154
person 0.3315 107 134 121 153
person 0.3272 72 135 84 154
person 0.3194 20 156 45 208
person 0.3160 457 133 471 156
person 0.3016 43 135 57 155
person 0.3008 438 165 487 315
