person 0.8866 165 151 276 462
person 0.8639 3 115 193 479
person 0.7838 485 169 508 221
person 0.5873 247 167 307 298
person 0.5790 291 169 330 249
person 0.4932 462 171 470 190
person 0.4317 507 169 516 192
person 0.4215 313 176 338 240
person 0.4198 242 178 268 235
person 0.4024 397 173 403 188
person 0.3935 245 174 267 203
person 0.3818 451 172 460 191
person 0.3791 403 173 409 187
person 0.3684 444 177 451 191
person 0.3504 289 168 301 189
person 0.3311 368 173 374 184
person 0.3186 497 172 509 202
person 0.3084 435 172 442 189
person 0.3058 515 168 521 192
