person 0.8916 228 190 319 283
person 0.8889 306 159 407 265
person 0.8436 114 50 177 247
person 0.8222 0 53 90 325
person 0.7034 167 67 193 162
person 0.6930 204 70 229 160
person 0.6568 188 66 212 161
person 0.6010 323 122 371 178
person 0.5079 311 119 350 170
person 0.4994 432 87 442 100
person 0.4743 264 106 292 140
person 0.3818 451 119 479 145
person 0.3552 328 109 357 138
person 0.3258 471 130 496 153
person 0.3258 351 102 371 128
person 0.3206 192 68 211 105
person 0.3203 341 135 382 191
person 0.3087 451 119 463 132
person 0.3076 71 104 108 154
