person 0.8401 119 36 388 410
person 0.7362 0 78 91 413
person 0.5451 561 57 617 114
person 0.5398 444 54 478 118
person 0.5229 401 71 442 133
person 0.5051 88 121 157 280
person 0.4434 36 30 639 235
person 0.4369 110 18 142 58
person 0.4130 442 81 484 252
person 0.4076 377 72 428 132
person 0.3979 322 96 377 160
person 0.3938 459 61 499 118
person 0.3919 137 110 190 183
person 0.3762 113 105 162 178
person 0.3659 343 77 380 131
person 0.3638 273 80 360 193
person 0.3401 441 69 518 284
person 0.3321 566 57 594 91
person 0.3264 472 63 495 92
person 0.3146 31 42 63 130
person 0.3087 18 93 80 237
person 0.3054 479 70 508 116
person 0.3002 375 80 404 127
