person 0.9462 332 81 639 422
person 0.8807 188 184 309 378
person 0.8660 89 170 166 377
person 0.8052 52 164 111 367
person 0.6544 230 171 272 228
person 0.5710 141 156 188 289
person 0.5254 197 169 238 272
person 0.5180 271 188 316 364
person 0.4713 320 151 419 402
person 0.4423 385 176 414 241
person 0.3879 206 167 239 212
person 0.3801 0 218 28 254
person 0.3596 201 163 293 271
person 0.3558 181 175 203 264
person 0.3551 299 180 329 235
person 0.3411 275 181 305 233
person 0.3351 17 208 94 370
person 0.3235 439 171 456 194
person 0.3079 162 167 196 272
person 0.3070 307 178 339 342
