person 0.7403 19 273 65 405
person 0.6991 163 133 188 205
person 0.6979 44 221 92 305
person 0.6722 14 235 45 291
person 0.6332 183 130 210 205
person 0.6313 204 127 228 203
person 0.5944 88 224 130 345
person 0.5941 242 67 257 113
person 0.5731 560 86 578 114
person 0.5612 261 65 276 100
person 0.5440 103 186 132 236
person 0.5187 311 10 320 36
person 0.4537 627 99 639 157
person 0.4503 22 233 63 293
person 0.4416 20 230 103 342
person 0.4405 359 181 383 210
person 0.4382 103 204 137 285
person 0.4288 349 188 373 215
person 0.4277 579 84 597 119
person 0.4236 584 88 606 129
person 0.4206 290 27 303 59
person 0.4146 225 67 239 114
person 0.4028 230 66 245 114
person 0.4000 561 79 585 122
person 0.3946 41 225 60 257
person 0.3634 98 186 122 223
person 0.3567 292 12 302 36
person 0.3519 286 183 306 210
person 0.3517 92 195 126 258
person 0.3508 51 219 86 263
person 0.3460 554 81 567 101
person 0.3300 50 204 129 316
person 0.3287 59 217 98 279
person 0.3285 571 88 584 112
person 0.3266 619 86 637 152
person 0.3172 112 69 521 311
person 0.3101 309 52 639 387
person 0.3082 29 228 54 273
person 0.3033 249 67 263 112
