person 0.7958 119 138 296 277
person 0.6120 610 173 636 224
person 0.5681 27 250 35 267
person 0.4408 311 61 316 67
person 0.4239 370 41 375 49
person 0.4238 23 249 30 266
person 0.4173 603 176 624 217
person 0.3893 105 87 111 97
person 0.3767 5 260 17 280
person 0.3709 617 173 635 194
person 0.3689 122 88 129 96
person 0.3596 573 17 581 27
person 0.3452 626 175 639 228
person 0.3390 496 123 502 133
person 0.3380 286 96 293 117
person 0.3272 247 87 253 92
person 0.3219 66 245 74 255
person 0.3163 133 86 140 95
person 0.3148 0 260 11 280
person 0.3084 95 239 104 249
person 0.3036 96 86 103 98
person 0.3034 84 242 93 252
person 0.3032 604 176 621 198
person 0.3006 112 216 124 233
