person 0.8555 506 182 572 293
person 0.4702 185 155 197 183
person 0.4633 457 148 471 178
person 0.4408 537 156 559 189
person 0.4256 0 25 639 241
person 0.4162 473 155 493 185
person 0.4132 477 181 550 304
person 0.4025 431 151 442 169
person 0.3719 450 147 463 177
person 0.3666 9 201 45 283
person 0.3638 610 124 621 142
person 0.3140 440 148 454 176
person 0.3095 544 132 556 150
person 0.3039 515 151 528 167
person 0.3028 619 124 632 142
person 0.3023 160 61 168 74
person 0.3022 243 142 254 159
