person 0.8344 0 236 29 401
person 0.7478 331 293 374 499
person 0.6724 331 293 343 325
person 0.6260 301 289 311 319
person 0.6166 223 277 231 301
person 0.5606 317 297 328 324
person 0.5321 213 272 222 297
person 0.5234 136 251 144 271
person 0.5184 209 271 218 296
person 0.4771 202 268 209 287
person 0.4549 290 286 299 319
person 0.4372 295 288 306 318
person 0.4314 92 241 102 261
person 0.4178 162 257 170 279
person 0.4150 325 297 335 324
person 0.3930 158 257 166 278
person 0.3788 238 421 302 482
person 0.3624 84 238 92 256
person 0.3438 318 292 326 306
person 0.3398 151 246 160 277
