person 0.9310 414 163 511 325
person 0.9121 530 126 624 295
person 0.7854 315 144 423 303
person 0.6514 174 122 189 158
person 0.6378 202 119 218 159
person 0.5899 522 141 553 254
person 0.5644 618 104 633 141
person 0.5156 92 88 108 121
person 0.4770 259 119 274 145
person 0.4672 289 139 302 163
person 0.4620 588 99 602 130
person 0.4588 278 118 294 148
person 0.4540 145 138 165 162
person 0.4510 241 141 256 162
person 0.4451 177 91 191 121
person 0.4328 573 101 584 124
person 0.4298 220 123 237 157
person 0.4275 60 86 78 119
person 0.4161 183 137 201 163
person 0.4153 599 104 615 140
person 0.4095 223 120 234 144
person 0.4094 602 98 611 112
person 0.4087 269 143 284 162
person 0.4081 581 98 597 130
person 0.4056 138 88 152 117
person 0.4028 154 88 170 121
person 0.3949 256 141 277 162
person 0.3932 24 82 38 107
person 0.3916 155 140 171 160
person 0.3781 523 131 582 247
person 0.3759 35 83 52 108
person 0.3746 609 107 621 139
person 0.3669 317 91 330 116
person 0.3666 278 142 294 163
person 0.3624 72 86 89 123
person 0.3546 80 87 96 120
person 0.3546 185 90 198 119
person 0.3528 337 94 349 116
person 0.3489 590 98 601 114
person 0.3419 260 123 284 163
person 0.3404 574 99 583 114
person 0.3343 600 100 612 126
person 0.3305 251 141 267 163
person 0.3263 194 92 206 119
person 0.3246 53 85 71 119
person 0.3218 286 95 305 134
person 0.3207 232 142 248 161
person 0.3181 0 66 639 206
person 0.3099 530 138 552 183
person 0.3003 149 88 162 117
