person 0.8593 516 141 628 361
person 0.8447 413 129 527 366
person 0.8426 216 111 406 406
person 0.7021 338 200 444 385
person 0.6870 92 110 189 255
person 0.5696 586 158 639 245
person 0.4343 590 133 636 197
person 0.4276 146 0 204 41
person 0.4135 487 153 541 215
person 0.4124 490 155 581 362
person 0.4123 319 221 376 374
person 0.4121 0 0 25 43
person 0.3884 299 165 408 351
person 0.3855 413 147 512 261
person 0.3774 574 162 639 352
person 0.3743 18 0 100 56
person 0.3708 121 140 210 354
person 0.3612 0 223 45 330
person 0.3053 381 162 491 342
