person 0.8338 167 152 263 384
person 0.7915 591 84 626 118
person 0.7626 119 143 151 182
person 0.7581 0 15 639 159
person 0.7517 594 46 631 89
person 0.7477 325 137 369 178
person 0.7188 559 81 592 115
person 0.7032 311 103 352 153
person 0.6786 368 115 410 151
person 0.6722 107 100 158 150
person 0.6683 72 140 110 183
person 0.6653 482 115 518 157
person 0.6415 426 64 461 123
person 0.6411 383 68 414 117
person 0.6357 100 47 131 90
person 0.6277 73 47 101 99
person 0.6248 308 45 344 99
person 0.6199 338 47 367 103
person 0.6189 7 79 43 115
person 0.6106 366 52 390 106
person 0.6033 439 136 479 178
person 0.5788 175 140 208 182
person 0.5763 38 42 78 106
person 0.5583 90 156 123 185
person 0.5488 561 11 596 44
person 0.5174 462 0 509 38
person 0.5030 199 104 233 157
person 0.5014 149 110 178 153
person 0.4976 187 60 229 126
person 0.4818 159 92 193 146
person 0.4789 234 115 266 155
person 0.4663 32 2 64 44
person 0.4579 156 58 186 101
person 0.4464 8 5 39 38
person 0.4315 1 45 29 101
person 0.4183 422 0 460 35
person 0.4022 350 50 384 107
person 0.4018 180 43 206 89
person 0.3953 165 160 186 183
person 0.3894 248 0 282 39
person 0.3887 154 64 190 131
person 0.3766 397 51 422 85
person 0.3680 113 165 137 187
person 0.3662 65 8 100 63
person 0.3645 165 151 199 185
person 0.3645 442 113 479 155
person 0.3631 273 108 301 152
person 0.3596 516 26 554 64
person 0.3470 576 0 602 33
person 0.3444 551 0 582 34
person 0.3399 208 148 236 184
person 0.3379 131 166 159 187
person 0.3359 614 14 637 45
person 0.3234 274 3 305 42
person 0.3196 184 50 217 105
person 0.3153 176 90 212 140
person 0.3144 159 45 185 84
person 0.3010 600 1 631 42
person 0.3004 371 62 402 121
