person 0.9227 415 350 546 562
person 0.8968 144 372 287 561
person 0.8939 285 367 428 563
person 0.8817 96 5 185 181
person 0.8591 497 134 608 490
person 0.8573 106 123 208 296
person 0.8315 360 116 454 285
person 0.8304 536 372 633 557
person 0.8246 163 8 244 195
person 0.8206 198 126 289 277
person 0.8045 248 197 410 512
person 0.7963 240 34 321 162
person 0.7902 6 216 128 561
person 0.7779 436 108 523 282
person 0.7675 115 224 217 548
person 0.7532 310 27 399 164
person 0.6982 251 111 304 217
person 0.6352 192 237 265 493
person 0.6205 438 208 526 443
person 0.5854 30 132 132 283
person 0.5689 252 139 391 369
person 0.5502 349 101 390 184
person 0.5409 311 120 375 195
person 0.5346 398 226 461 388
person 0.3879 452 207 516 343
person 0.3658 48 18 93 108
person 0.3129 62 80 504 329
