person 0.8864 441 215 478 299
person 0.8450 460 169 495 233
person 0.8210 391 164 413 219
person 0.7985 347 160 376 221
person 0.7953 430 169 455 223
person 0.7896 214 112 229 142
person 0.7644 136 104 148 132
person 0.7500 295 155 313 202
person 0.7499 122 110 133 135
person 0.7399 268 142 287 187
person 0.7384 232 118 249 146
person 0.7201 415 150 435 200
person 0.7175 155 99 163 123
person 0.6714 177 102 186 125
person 0.6553 288 127 303 168
person 0.6342 385 125 400 168
person 0.5873 400 126 417 171
person 0.5555 166 99 175 126
person 0.4924 404 128 429 170
person 0.4913 162 99 170 125
person 0.4901 13 65 488 203
person 0.4397 413 131 433 164
person 0.3925 318 157 331 181
person 0.3897 335 114 346 151
person 0.3853 360 147 377 176
person 0.3556 362 134 381 169
person 0.3519 368 123 384 156
person 0.3372 130 114 139 135
person 0.3332 302 152 319 190
person 0.3080 106 87 276 159
person 0.3024 276 132 295 179
