person 0.5362 206 221 220 239
person 0.5262 261 217 273 238
person 0.5225 232 229 244 245
person 0.4821 224 229 237 245
person 0.4535 185 218 194 233
person 0.4356 253 221 265 238
person 0.4312 242 230 255 244
person 0.4235 378 79 388 109
person 0.4208 252 227 263 242
person 0.4014 215 86 231 127
person 0.4001 177 219 188 231
person 0.3891 212 228 226 244
person 0.3706 583 155 609 185
person 0.3638 327 172 340 183
person 0.3625 338 173 350 184
person 0.3371 198 223 209 235
person 0.3199 579 117 598 152
person 0.3030 178 71 201 118
