person 0.8043 392 269 498 372
person 0.6752 461 78 496 130
person 0.6367 344 145 491 227
person 0.6313 366 200 497 277
person 0.5329 415 88 445 130
person 0.5318 436 96 468 138
person 0.4361 343 125 454 194
person 0.4278 394 89 419 127
person 0.4234 374 98 429 173
person 0.4230 459 119 494 154
person 0.4051 438 128 489 169
person 0.3864 387 92 422 148
person 0.3667 428 95 488 165
person 0.3413 401 92 437 144
person 0.3356 435 138 492 191
person 0.3272 365 97 379 125
person 0.3115 391 90 452 167
