person 0.8930 322 289 387 456
person 0.8906 105 191 254 545
person 0.6799 264 209 285 266
person 0.6002 255 206 269 247
person 0.5719 343 216 352 239
person 0.5712 311 210 333 270
person 0.5617 285 201 301 241
person 0.5519 122 113 372 294
person 0.5057 245 244 271 299
person 0.4809 329 214 344 265
person 0.4808 226 177 242 223
person 0.4648 186 198 261 500
person 0.3923 184 149 197 184
person 0.3816 194 201 256 300
person 0.3744 360 225 369 253
person 0.3744 174 147 186 182
person 0.3386 297 212 312 248
person 0.3352 248 232 275 281
person 0.3283 301 206 317 254
person 0.3270 323 280 352 330
person 0.3213 75 109 292 239
person 0.3177 160 154 174 188
person 0.3159 246 183 259 215
person 0.3072 146 146 159 181
