person 0.9448 376 188 432 314
person 0.8979 170 175 216 317
person 0.8626 204 172 250 313
person 0.8481 291 184 335 314
person 0.7134 259 181 321 324
person 0.6705 374 35 407 120
person 0.6551 355 41 383 117
person 0.6487 27 37 57 69
person 0.6286 310 66 337 119
person 0.5914 595 74 626 119
person 0.5822 63 38 91 67
person 0.5647 535 40 569 74
person 0.5425 107 49 135 109
person 0.5424 404 48 435 122
person 0.5250 502 48 519 76
person 0.5241 518 49 538 75
person 0.5181 330 51 354 118
person 0.4939 597 48 619 76
person 0.4897 446 47 475 121
person 0.4811 128 44 155 108
person 0.4689 468 46 499 122
person 0.4666 435 47 460 120
person 0.4583 0 35 21 82
person 0.4562 89 31 113 63
person 0.4481 209 41 230 71
person 0.4481 248 183 284 275
person 0.4428 203 40 229 111
person 0.4339 566 48 593 76
person 0.4251 621 51 639 114
person 0.4199 545 47 576 77
person 0.4143 22 22 619 161
person 0.4127 27 37 57 111
person 0.4028 187 44 212 111
person 0.3983 234 39 261 113
person 0.3970 90 48 115 107
person 0.3900 155 40 188 109
person 0.3898 624 49 639 76
person 0.3609 216 39 254 113
person 0.3485 64 40 93 107
person 0.3468 501 50 528 117
person 0.3433 474 48 498 75
person 0.3425 132 40 153 70
person 0.3374 307 187 339 265
person 0.3337 541 42 560 69
person 0.3323 184 40 204 70
person 0.3271 316 37 347 80
person 0.3238 234 41 259 70
person 0.3207 153 40 180 70
person 0.3183 517 48 551 118
person 0.3176 108 44 126 66
person 0.3151 533 44 570 118
person 0.3125 11 25 32 68
person 0.3054 16 43 32 69
