person 0.8634 484 287 628 426
person 0.8016 24 186 237 372
person 0.6324 57 1 203 110
person 0.5568 265 37 373 160
person 0.5416 35 120 144 238
person 0.5042 36 123 220 306
person 0.4959 117 0 204 82
person 0.4737 19 362 180 423
person 0.4399 289 156 411 263
person 0.4006 288 25 364 118
person 0.3704 259 121 385 227
person 0.3698 1 8 95 205
person 0.3443 237 12 342 118
person 0.3377 0 7 58 100
person 0.3253 300 74 407 209
person 0.3200 308 4 375 98
person 0.3190 225 1 277 64
person 0.3162 505 113 568 214
person 0.3112 107 150 206 278
person 0.3055 240 82 402 267
person 0.3055 271 86 356 200
person 0.3014 2 65 107 290
person 0.3003 66 140 179 256
