person 0.5118 571 194 584 216
person 0.4898 572 189 584 207
person 0.4596 543 195 556 217
person 0.4585 583 191 593 205
person 0.4544 582 195 593 215
person 0.4361 411 171 437 231
person 0.4312 264 137 589 301
person 0.4296 591 196 603 216
person 0.4291 418 169 437 204
person 0.4135 599 196 612 216
person 0.3850 469 214 481 235
person 0.3838 592 191 602 205
person 0.3799 610 204 621 226
person 0.3771 591 203 602 226
person 0.3610 497 199 508 214
person 0.3562 607 217 622 250
person 0.3514 570 202 584 226
person 0.3513 562 205 575 224
person 0.3448 496 202 508 226
person 0.3409 418 187 439 223
person 0.3371 610 198 621 216
person 0.3362 458 157 471 181
person 0.3359 578 189 609 251
person 0.3288 419 160 436 179
person 0.3244 609 212 621 237
person 0.3165 506 202 519 226
person 0.3133 470 196 481 217
person 0.3118 429 165 443 188
person 0.3117 600 204 612 226
person 0.3101 429 160 442 179
person 0.3086 593 194 621 251
person 0.3062 476 213 489 236
person 0.3004 448 184 461 210
