person 0.6408 110 367 120 382
person 0.6249 360 341 367 352
person 0.5458 92 349 99 360
person 0.5374 177 338 184 346
person 0.5303 183 337 191 347
person 0.5191 418 319 424 332
person 0.5077 89 337 96 347
person 0.4611 33 329 40 338
person 0.4325 150 339 156 347
person 0.4258 269 353 277 363
person 0.4067 445 317 450 327
person 0.3943 23 319 450 377
person 0.3928 154 338 162 346
person 0.3775 84 337 90 345
person 0.3665 125 342 132 348
person 0.3592 111 320 117 329
person 0.3575 100 339 108 347
person 0.3300 466 317 475 328
person 0.3290 440 316 447 327
person 0.3100 72 323 78 331
person 0.3077 382 308 389 326
person 0.3023 119 342 128 348
