person 0.9035 21 31 142 252
person 0.8681 556 118 633 277
person 0.8222 196 92 250 168
person 0.8184 304 97 339 165
person 0.8057 520 73 579 267
person 0.7618 161 77 202 178
person 0.7318 120 53 164 202
person 0.7268 265 82 303 166
person 0.7143 471 61 514 224
person 0.7065 425 86 472 197
person 0.6898 569 73 608 146
person 0.5625 360 79 382 130
person 0.5403 502 73 531 217
person 0.5313 0 99 53 303
person 0.5090 398 85 419 125
person 0.4983 422 74 517 198
person 0.4931 552 58 591 115
person 0.4572 509 75 533 115
person 0.4224 409 82 427 128
person 0.3995 0 64 587 206
person 0.3954 191 87 210 138
person 0.3602 474 81 546 245
person 0.3522 374 84 491 181
person 0.3498 550 77 617 201
person 0.3474 370 105 409 151
person 0.3448 166 89 320 171
person 0.3360 559 80 595 170
person 0.3226 116 78 223 187
person 0.3150 191 69 365 152
person 0.3126 377 98 403 129
person 0.3097 418 83 435 127
