person 0.8920 85 201 122 314
person 0.7261 457 170 494 292
person 0.6994 151 206 205 341
person 0.6493 43 198 85 332
person 0.5938 10 189 79 343
person 0.5869 117 213 130 256
person 0.5237 404 171 434 243
person 0.5131 131 214 143 252
person 0.5090 388 173 413 220
person 0.5070 492 172 532 285
person 0.4756 48 196 83 259
person 0.4635 426 172 460 250
person 0.4485 573 153 604 189
person 0.4328 0 208 22 368
person 0.4246 544 155 626 332
person 0.4162 392 175 422 238
person 0.3772 47 208 133 334
person 0.3738 84 108 503 380
person 0.3716 54 199 79 236
person 0.3696 144 207 171 318
person 0.3631 139 209 154 245
person 0.3613 412 173 429 206
person 0.3505 111 213 128 296
person 0.3504 426 175 453 219
person 0.3413 6 200 56 303
person 0.3368 101 203 114 225
person 0.3196 564 155 617 225
person 0.3190 524 190 555 274
person 0.3100 82 193 173 300
person 0.3052 85 206 115 264
person 0.3027 71 205 96 261
