person 0.6212 179 81 479 466
person 0.6151 163 138 248 261
person 0.5804 495 135 568 287
person 0.5783 204 133 279 265
person 0.5630 14 149 100 257
person 0.5602 62 141 112 273
person 0.5160 88 145 164 249
person 0.5011 233 146 282 236
person 0.4662 116 114 169 269
person 0.4659 117 108 237 276
person 0.4259 3 157 44 230
person 0.3903 514 130 563 190
person 0.3901 240 129 319 274
person 0.3802 302 116 414 285
person 0.3604 492 140 544 208
person 0.3263 532 81 633 327
person 0.3261 242 165 400 388
person 0.3210 340 126 396 190
person 0.3153 3 164 24 210
person 0.3016 1 169 28 250
