person 0.6687 199 251 209 270
person 0.6384 97 252 106 268
person 0.6215 75 250 83 269
person 0.6058 106 253 114 268
person 0.5953 237 249 245 259
person 0.5795 246 250 253 259
person 0.5566 207 251 217 268
person 0.5527 63 251 70 269
person 0.5250 54 253 63 268
person 0.5092 68 251 78 269
person 0.4693 246 251 253 268
person 0.4493 309 270 320 283
person 0.4461 92 252 100 268
person 0.3449 166 252 173 269
person 0.3355 236 250 246 268
person 0.3342 70 250 77 260
person 0.3260 98 251 106 260
person 0.3165 273 250 282 270
person 0.3079 201 250 209 261
