person 0.8869 254 306 379 424
person 0.8733 410 328 472 420
person 0.8600 51 140 120 298
person 0.8552 326 57 437 312
person 0.8481 139 356 209 422
person 0.8321 489 344 546 401
person 0.8247 200 368 276 421
person 0.8204 341 272 427 392
person 0.7812 196 277 269 385
person 0.7587 22 119 97 300
person 0.7462 45 330 121 419
person 0.7007 517 289 557 343
person 0.6791 450 274 508 355
person 0.6774 96 266 141 327
person 0.6665 0 116 67 290
person 0.6636 557 358 621 417
person 0.6604 560 298 627 401
person 0.6539 585 388 639 424
person 0.6367 86 372 156 419
person 0.6207 0 238 54 392
person 0.6163 134 260 184 332
person 0.6046 441 391 512 423
person 0.5959 543 302 575 363
person 0.5921 114 286 177 346
person 0.5776 239 271 346 399
person 0.5359 173 287 215 336
person 0.5218 29 252 98 335
person 0.5160 266 257 449 412
person 0.5124 497 365 579 418
person 0.5117 42 272 141 374
person 0.5062 33 310 92 401
person 0.4948 402 284 441 343
person 0.4718 611 305 638 370
person 0.4572 472 294 520 377
person 0.4548 0 389 47 423
person 0.4387 174 277 209 308
person 0.4169 589 310 639 393
person 0.4081 140 262 169 301
person 0.4075 574 290 613 351
person 0.4021 11 264 103 379
person 0.3952 314 309 424 424
person 0.3923 341 280 368 322
person 0.3880 443 274 480 323
person 0.3778 82 278 177 372
person 0.3750 268 260 354 342
person 0.3566 153 269 201 329
person 0.3476 176 207 534 424
person 0.3339 89 316 164 412
person 0.3322 458 305 508 394
person 0.3289 72 149 104 189
person 0.3242 58 258 112 332
person 0.3227 118 284 216 368
person 0.3118 337 276 387 349
person 0.3110 20 295 157 424
person 0.3108 129 318 202 410
