person 0.4748 340 351 346 360
person 0.4275 347 353 352 362
person 0.4252 198 329 205 336
person 0.4207 189 329 196 336
person 0.4207 39 328 46 335
person 0.4072 218 330 224 337
person 0.4054 86 329 93 336
person 0.4025 19 329 26 336
person 0.3951 170 330 177 336
person 0.3944 181 330 187 336
person 0.3824 208 329 215 336
person 0.3768 47 328 53 335
person 0.3752 59 328 65 335
person 0.3652 256 330 262 337
person 0.3646 67 329 74 336
person 0.3555 235 349 242 356
person 0.3523 153 329 159 336
person 0.3511 341 334 348 344
person 0.3508 28 328 36 336
person 0.3477 264 330 270 337
person 0.3473 10 329 18 336
person 0.3362 162 329 168 336
person 0.3339 76 328 83 336
person 0.3325 228 352 234 360
person 0.3322 228 349 235 356
person 0.3246 246 330 253 337
person 0.3240 226 330 232 337
person 0.3232 142 329 148 336
person 0.3189 180 333 187 339
person 0.3182 94 329 101 336
person 0.3158 218 354 225 362
person 0.3143 170 333 177 339
person 0.3077 333 351 339 360
person 0.3074 4 312 482 352
person 0.3071 368 335 374 342
person 0.3069 275 330 282 336
person 0.3066 244 349 251 356
person 0.3041 3 329 9 335
person 0.3040 238 330 244 337
person 0.3023 199 333 206 339
