person 0.8996 313 200 335 279
person 0.8681 289 203 310 275
person 0.8635 249 193 279 269
person 0.7213 164 189 182 247
person 0.7095 151 192 170 245
person 0.6904 181 184 200 252
person 0.6764 201 185 223 256
person 0.6657 238 193 264 265
person 0.6108 10 182 25 219
person 0.5023 28 177 49 207
person 0.4686 186 198 207 258
person 0.4439 182 166 192 185
person 0.4434 236 190 255 233
person 0.4164 38 179 53 203
person 0.3828 182 182 197 221
person 0.3682 208 182 225 226
person 0.3374 181 167 194 199
person 0.3181 217 190 236 247
person 0.3093 171 193 185 228
person 0.3040 435 139 465 189
