person 0.8831 445 138 529 251
person 0.8389 28 298 108 472
person 0.8346 27 33 94 195
person 0.8225 203 141 331 289
person 0.7853 255 269 394 418
person 0.7643 539 189 609 372
person 0.6975 339 198 433 339
person 0.6814 404 297 510 426
person 0.6784 339 58 394 149
person 0.6280 63 5 105 122
person 0.5875 477 91 510 143
person 0.5546 399 0 435 40
person 0.5395 44 0 604 185
person 0.5330 406 84 443 158
person 0.4779 74 19 130 138
person 0.4768 448 71 486 133
person 0.4675 345 25 393 94
person 0.4651 128 9 164 100
person 0.4582 283 15 331 103
person 0.4579 378 69 423 161
person 0.4463 406 33 447 119
person 0.4418 386 37 420 90
person 0.4411 199 4 244 75
person 0.4368 497 50 536 109
person 0.4240 232 11 276 74
person 0.4221 324 22 363 101
person 0.4157 250 14 293 74
person 0.3937 304 282 429 438
person 0.3888 455 82 501 145
person 0.3718 128 6 158 50
person 0.3658 493 88 539 150
person 0.3538 487 2 521 51
person 0.3400 568 81 605 143
person 0.3304 196 9 293 100
person 0.3299 573 147 612 193
person 0.3258 60 1 100 58
person 0.3182 104 4 132 50
person 0.3179 461 3 490 49
person 0.3165 99 12 133 107
person 0.3065 91 0 174 108
person 0.3065 508 94 558 176
