person 0.8481 425 0 506 145
person 0.7507 268 1 349 78
person 0.6881 491 0 540 68
person 0.6714 172 0 252 84
person 0.6512 556 0 602 67
person 0.6301 474 44 593 228
person 0.6255 85 2 184 76
person 0.6253 41 0 92 74
person 0.5664 580 3 639 291
person 0.5271 233 2 268 99
person 0.4552 322 3 368 62
person 0.4240 78 2 139 66
person 0.3949 367 0 432 100
person 0.3623 163 3 198 66
person 0.3384 50 12 578 348
person 0.3217 0 2 49 69
person 0.3192 0 15 29 241
person 0.3176 536 0 550 42
person 0.3059 463 0 541 128
