person 0.8886 48 223 80 325
person 0.8156 539 222 580 321
person 0.7823 506 205 542 317
person 0.6322 436 223 454 290
person 0.6093 215 237 223 256
person 0.5586 130 238 140 269
person 0.5338 190 237 197 253
person 0.4314 196 237 202 250
person 0.4135 314 182 340 215
person 0.3747 0 220 21 305
person 0.3608 168 236 177 257
person 0.3577 314 163 351 215
person 0.3550 197 231 205 247
person 0.3490 362 158 400 215
person 0.3484 120 237 130 269
person 0.3463 538 193 576 259
person 0.3181 24 213 91 356
person 0.3126 161 236 170 260
