person 0.6823 237 327 258 379
person 0.5636 605 342 624 385
person 0.5329 300 332 314 377
person 0.5301 599 343 617 383
person 0.5179 589 343 603 384
person 0.4716 576 342 596 385
person 0.4428 118 333 129 362
person 0.4305 160 329 169 342
person 0.3953 112 341 125 363
person 0.3835 627 345 639 381
person 0.3791 517 341 529 371
person 0.3744 610 340 623 354
person 0.3590 617 344 635 383
person 0.3371 601 339 614 354
person 0.3356 151 328 160 342
person 0.3285 548 346 570 384
person 0.3127 228 329 250 380
person 0.3020 0 330 7 342
