person 0.7298 373 166 398 208
person 0.6447 172 164 193 191
person 0.6382 494 178 512 199
person 0.6319 141 165 164 193
person 0.5983 458 161 471 175
person 0.5919 22 187 42 210
person 0.5695 258 168 276 193
person 0.5667 551 153 564 168
person 0.5200 546 153 558 167
person 0.5078 551 188 567 203
person 0.4650 419 179 435 196
person 0.4585 94 164 118 190
person 0.4566 202 157 222 181
person 0.3462 452 161 464 175
person 0.3397 238 146 400 209
person 0.3324 93 161 108 182
person 0.3023 170 147 318 209
person 0.3004 169 167 182 189
