person 0.8485 149 10 190 90
person 0.8420 39 84 129 267
person 0.8261 9 31 67 176
person 0.8259 175 19 226 141
person 0.7813 191 48 237 239
person 0.7515 216 14 239 68
person 0.7325 122 7 153 87
person 0.6642 47 28 84 91
person 0.6627 181 0 194 15
person 0.6532 98 59 216 269
person 0.6207 54 0 66 21
person 0.6190 118 0 133 26
person 0.5797 218 1 239 25
person 0.5634 84 32 108 71
person 0.5498 0 34 26 122
person 0.5461 23 21 43 47
person 0.5368 178 12 200 53
person 0.5323 39 1 52 29
person 0.5000 70 20 88 48
person 0.4608 1 27 22 57
person 0.4498 144 0 160 27
person 0.4224 81 35 116 97
person 0.4194 62 27 100 104
person 0.4154 104 9 142 84
person 0.3550 89 67 154 251
person 0.3534 173 16 194 67
person 0.3421 103 89 145 163
person 0.3351 38 0 46 6
person 0.3006 164 0 182 15
