person 0.8528 524 175 577 259
person 0.5150 206 176 221 222
person 0.4388 137 228 187 301
person 0.4325 510 188 518 201
person 0.4302 525 182 535 196
person 0.4299 517 184 526 198
person 0.4162 582 183 592 198
person 0.4095 381 169 400 203
person 0.4051 515 188 523 200
person 0.3762 609 187 621 203
person 0.3742 564 183 573 196
person 0.3694 7 190 18 209
person 0.3621 75 189 84 206
person 0.3535 488 183 497 198
person 0.3491 463 181 472 199
person 0.3400 602 188 612 203
person 0.3395 591 182 602 198
person 0.3363 601 183 610 198
person 0.3242 573 182 584 198
person 0.3235 1 189 9 208
person 0.3207 82 189 93 206
person 0.3192 282 190 291 205
person 0.3067 620 183 631 199
person 0.3003 535 189 542 207
