person 0.8253 307 97 359 207
person 0.7929 45 163 292 533
person 0.7896 41 91 101 196
person 0.7396 292 0 343 93
person 0.7171 356 102 418 206
person 0.7057 142 97 204 213
person 0.6988 249 46 301 168
person 0.6950 99 108 146 200
person 0.6589 46 42 107 128
person 0.6089 0 0 426 206
person 0.5868 97 44 150 128
person 0.5779 194 0 248 133
person 0.5757 2 50 44 152
person 0.5549 11 0 68 83
person 0.5468 216 204 273 339
person 0.5364 210 21 283 170
person 0.5042 175 22 258 167
person 0.4927 105 1 151 65
person 0.4825 0 91 33 189
person 0.4769 341 0 393 120
person 0.4199 243 0 300 90
person 0.4062 335 87 397 202
person 0.4059 70 0 109 61
person 0.3753 372 3 421 106
person 0.3578 207 191 281 426
person 0.3556 130 3 215 104
person 0.3384 95 7 182 101
person 0.3235 396 0 425 93
person 0.3126 66 39 139 146
person 0.3112 69 113 130 207
