person 0.6833 54 610 63 636
person 0.6542 12 605 26 639
person 0.6517 158 603 168 631
person 0.6178 63 608 76 639
person 0.5740 138 609 148 636
person 0.5655 87 607 100 638
person 0.5373 147 609 158 636
person 0.5132 184 607 194 627
person 0.4840 102 604 111 632
person 0.4626 165 605 176 628
person 0.4486 67 608 81 639
person 0.4066 176 607 186 625
person 0.3881 108 606 118 629
person 0.3225 222 602 232 615
person 0.3217 144 603 162 632
person 0.3197 46 580 178 639
person 0.3114 222 605 232 623
