person 0.7482 503 188 564 315
person 0.6649 301 243 345 359
person 0.6403 347 227 417 359
person 0.6048 590 176 639 320
person 0.5545 244 268 289 359
person 0.5515 477 199 511 285
person 0.4581 549 185 620 327
person 0.4323 447 202 482 280
person 0.4048 412 209 467 288
person 0.3892 409 219 443 283
person 0.3841 464 200 500 262
person 0.3793 376 222 399 262
person 0.3739 431 200 515 310
person 0.3380 389 223 409 262
person 0.3325 323 239 347 313
person 0.3278 495 195 536 301
person 0.3265 329 237 357 297
person 0.3076 387 223 426 300
