person 0.8669 176 193 261 332
person 0.8477 20 184 101 323
person 0.8292 331 186 408 342
person 0.8197 247 168 297 310
person 0.8196 555 95 619 313
person 0.7372 407 178 475 331
person 0.7264 253 107 315 210
person 0.7156 287 172 345 339
person 0.6536 466 127 539 245
person 0.6405 336 97 401 199
person 0.6309 470 191 522 318
person 0.6074 162 87 237 243
person 0.6047 60 146 118 261
person 0.5736 327 180 358 237
person 0.5484 600 109 636 297
person 0.5069 0 188 27 298
person 0.4409 123 170 193 312
person 0.4190 1 177 59 323
person 0.4034 68 99 576 320
person 0.3654 446 158 563 329
person 0.3638 239 143 323 285
person 0.3542 250 164 382 346
person 0.3092 346 110 431 234
person 0.3085 66 144 112 195
person 0.3022 306 151 405 285
