person 0.8461 101 307 234 615
person 0.7693 340 409 374 524
person 0.6661 232 432 280 542
person 0.6590 363 382 378 396
person 0.6439 269 381 284 397
person 0.5768 252 384 265 397
person 0.5758 69 381 87 398
person 0.5509 284 379 305 398
person 0.5253 402 378 417 396
person 0.4122 175 379 192 397
person 0.4035 277 378 298 399
person 0.3934 336 385 349 396
person 0.3914 412 372 427 391
person 0.3735 374 382 387 395
person 0.3458 384 382 397 395
person 0.3452 356 382 371 396
person 0.3383 317 386 331 396
person 0.3336 258 384 278 397
person 0.3312 420 372 432 391
person 0.3191 61 378 82 399
person 0.3031 410 379 425 396
