person 0.8737 32 107 130 453
person 0.7978 106 121 182 416
person 0.6356 245 225 302 308
person 0.6349 362 125 407 183
person 0.6068 319 125 367 181
person 0.5857 151 138 211 357
person 0.5683 558 126 596 189
person 0.5673 7 117 56 421
person 0.5155 287 131 321 179
person 0.5014 459 132 501 181
person 0.4681 489 128 535 182
person 0.4551 253 129 288 180
person 0.4491 5 11 626 310
person 0.4142 207 128 253 179
person 0.4012 158 118 205 261
person 0.3589 0 135 25 321
person 0.3556 172 138 226 280
person 0.3468 411 130 462 184
person 0.3463 395 133 475 274
person 0.3398 23 109 57 156
person 0.3325 210 165 282 310
person 0.3197 0 128 24 220
person 0.3100 365 118 410 270
person 0.3097 321 135 391 273
person 0.3086 9 120 105 362
