person 0.8668 149 6 257 160
person 0.6024 153 139 173 171
person 0.5874 117 144 132 168
person 0.5364 101 142 115 165
person 0.5058 27 143 41 183
person 0.4862 64 148 76 167
person 0.4616 140 146 152 167
person 0.4562 83 144 98 166
person 0.4354 55 148 65 164
person 0.4220 89 144 104 166
person 0.3967 144 141 166 171
person 0.3890 14 150 32 195
person 0.3831 46 148 57 163
person 0.3791 73 146 84 166
person 0.3690 7 148 18 163
person 0.3604 39 19 522 557
person 0.3557 630 153 639 177
person 0.3522 63 151 78 177
person 0.3498 609 158 622 172
person 0.3475 0 148 8 164
person 0.3250 32 146 47 182
person 0.3214 107 141 127 167
